13.645466804504395 -0.7595906853675842
10.544837951660156 1.9292446374893188
3.829179048538208 -1.6058849096298218
3.9474222660064697 -1.655477523803711
6.657731056213379 -1.3737596273422241
10.339816093444824 -1.1087900400161743
3.7495148181915283 1.6941040754318237
6.533687591552734 1.893777847290039
10.561620712280273 1.9292112588882446
3.860445022583008 -1.6198729276657104
6.727325439453125 -1.3638789653778076
1.0718857049942017 1.6240471601486206
3.7372894287109375 1.6250274181365967
6.551355838775635 1.915565848350525
6.6745405197143555 1.980322241783142
1.0025506019592285 -2.015800714492798
1.1667392253875732 1.6110550165176392
