Timestamp fo ptCloud: 1712591252.5145938
x:                         y:
5.896125793457031, -42.56249237060547, 10.5
8.710463523864746, -42.51531219482422, 13.666666984558105
9.653736114501953, -42.460845947265625, 11.0
10.316343307495117, -42.35893630981445, 10.0
-5.204068183898926, -25.33266258239746, 8.0
-3.7572824954986572, -20.778688430786133, 56.16666793823242
-3.408841609954834, -20.843042373657227, 11.5
-0.9746243357658386, -21.043216705322266, 35.75
-0.3772096335887909, -20.991371154785156, 21.384614944458008
1.1441925764083862, -20.848451614379883, 76.0
-4.161381244659424, -20.226911544799805, 13.166666984558105
2.6365318298339844, -20.39013671875, 214.0
3.205636501312256, -20.507488250732422, 19.25
4.247906684875488, -20.325206756591797, 9.5
4.687870979309082, -20.062780380249023, 9.0
-4.773087024688721, -19.608043670654297, 14.0
-5.850356101989746, -18.11086654663086, 7.0
1.500671148300171, -16.555416107177734, 93.5
1.9802032709121704, -16.72481918334961, 151.3000030517578
-1.5819133520126343, -15.558527946472168, 103.08333587646484
-0.5984426140785217, -15.35214900970459, 99.5
0.8668233752250671, -15.694087982177734, 168.6666717529297
1.1285511255264282, -15.735331535339355, 207.5
2.1721184253692627, -15.69093132019043, 116.625
4.3069539070129395, -15.999726295471191, 18.428571701049805
5.140827178955078, -15.88823127746582, 48.0
-8.968771934509277, -14.773250579833984, 4.0
-4.864776134490967, -14.865991592407227, 25.600000381469727
-1.1029739379882812, -14.928007125854492, 103.69999694824219
-0.4430329501628876, -14.717325210571289, 96.26667022705078
1.1665810346603394, -14.853289604187012, 90.80000305175781
5.287319183349609, -14.891261100769043, 63.875
6.063464641571045, -14.9562406539917, 144.39999389648438
7.145595550537109, -14.88134765625, 107.5
7.4226226806640625, -14.760635375976562, 34.0
11.54635238647461, -14.806558609008789, 11.75
19.268341064453125, -14.939657211303711, 20.14285659790039
20.57536506652832, -14.972696304321289, 32.5
21.152936935424805, -14.866236686706543, 31.0
-5.496245384216309, -13.847808837890625, 6.5
-5.294963359832764, -14.224791526794434, 14.333333015441895
1.3304132223129272, -14.05455207824707, 155.1999969482422
4.009060859680176, -13.764097213745117, 164.15383911132812
4.914119243621826, -13.84573745727539, 119.5862045288086
5.943902969360352, -13.783421516418457, 112.55882263183594
6.534834384918213, -13.95350170135498, 123.19999694824219
7.614689350128174, -13.575221061706543, 153.0
11.649520874023438, -14.381667137145996, 15.0
12.11515998840332, -14.186014175415039, 23.6842098236084
13.118630409240723, -14.067285537719727, 22.764705657958984
13.775041580200195, -13.91930866241455, 15.600000381469727
14.970049858093262, -13.875991821289062, 16.899999618530273
15.554672241210938, -13.716180801391602, 23.625
16.880373001098633, -13.864413261413574, 18.0
19.349828720092773, -14.1796875, 44.66666793823242
21.292322158813477, -13.953577995300293, 30.0
3.9396631717681885, -13.043842315673828, 101.86363983154297
5.146317005157471, -13.395065307617188, 100.0999984741211
6.0359883308410645, -13.062750816345215, 177.60000610351562
6.721933841705322, -13.169692993164062, 102.39286041259766
7.72982120513916, -13.372814178466797, 98.625
19.322072982788086, -13.164644241333008, 21.299999237060547
19.83754539489746, -13.26648998260498, 31.0
-7.6666998863220215, -11.932075500488281, 8.333333015441895
11.266291618347168, -11.942388534545898, 47.625
11.767047882080078, -11.912386894226074, 45.5
-4.580948829650879, -11.654857635498047, 8.0
0.3012641668319702, -10.887722969055176, 354.29412841796875
-6.496899604797363, -10.255523681640625, 9.0
-6.194965839385986, -10.283902168273926, 6.333333492279053
0.3597259819507599, -10.590815544128418, 386.2592468261719
1.307012915611267, -10.365225791931152, 242.84375
2.057002067565918, -10.287383079528809, 173.46665954589844
9.06888198852539, -10.069380760192871, 135.8333282470703
10.693536758422852, -10.463001251220703, 62.266666412353516
10.917482376098633, -10.397148132324219, 33.0
11.621322631835938, -9.39723014831543, 135.0
49.580841064453125, -3.0663645267486572, 9.0
49.43268585205078, -1.9929076433181763, 8.5
49.5108642578125, -2.452554225921631, 15.0
3.3120765686035156, -1.5434683561325073, 52.38888931274414
4.080831050872803, -1.5657837390899658, 114.50505065917969
49.34346008300781, -1.3830537796020508, 8.0
14.231468200683594, -0.36640194058418274, 61.08333206176758
17.27231788635254, 0.8567842841148376, 25.0
17.4534912109375, 0.9655508995056152, 54.5
3.0798656940460205, 2.037234306335449, 43.9603157043457
4.072578430175781, 2.0274863243103027, 93.93269348144531
20.84403419494629, 3.3142788410186768, 42.66666793823242
16.483428955078125, 5.006897449493408, 36.90909194946289
36.059566497802734, 6.0142388343811035, 17.0
18.6287899017334, 7.850257873535156, 60.33333206176758
43.89859390258789, 7.8764567375183105, 12.0
42.19638442993164, 9.729790687561035, 9.0
42.43280029296875, 9.374101638793945, 9.0
18.64024543762207, 10.338516235351562, 38.75
41.45816421508789, 10.643868446350098, 11.5
41.52239990234375, 11.33566665649414, 7.0
-6.785826683044434, 11.98697280883789, 29.0
40.95578384399414, 12.0496244430542, 13.333333015441895
41.46510696411133, 11.731111526489258, 11.0
17.24440574645996, 12.958972930908203, 92.5
15.312825202941895, 14.764547348022461, 77.5
38.88420104980469, 15.632525444030762, 15.0
11.708834648132324, 16.850326538085938, 73.0
39.17267608642578, 16.773117065429688, 6.0
37.67264938354492, 17.338884353637695, 14.333333015441895
-7.339337348937988, 18.65757942199707, 12.0
1.227436900138855, 18.473514556884766, 63.769229888916016
14.237550735473633, 19.434640884399414, 24.0
36.90891647338867, 19.418855667114258, 6.0
8.999930381774902, 19.998077392578125, 6.0
9.076391220092773, 19.825519561767578, 93.5
-6.5457634925842285, 21.540254592895508, 8.0
35.82775115966797, 20.86840057373047, 8.5
-6.423442840576172, 21.613557815551758, 9.0
11.41933536529541, 22.33698844909668, 26.0
-7.594537734985352, 22.53339385986328, 25.0
6.868459224700928, 23.599775314331055, 20.0
9.786455154418945, 25.83189582824707, 28.0
32.61805725097656, 25.757526397705078, 6.5
-8.137741088867188, 26.86532974243164, 6.0
-7.982431411743164, 26.920005798339844, 21.0
32.223846435546875, 26.597816467285156, 10.5
5.241806507110596, 27.20620346069336, 40.0
31.893798828125, 27.38495445251465, 10.0
8.611072540283203, 28.36012077331543, 24.5
31.111835479736328, 29.14523696899414, 9.0
30.021596908569336, 30.15484046936035, 13.399999618530273
-8.98776912689209, 31.00701332092285, 20.0
4.656642913818359, 30.716785430908203, 13.0
8.163130760192871, 30.956125259399414, 20.0
30.3717098236084, 31.485332489013672, 15.0
29.50126838684082, 32.124725341796875, 12.0
29.9327449798584, 31.80293083190918, 11.333333015441895
28.27362823486328, 32.95310974121094, 7.25
29.185596466064453, 32.57331848144531, 8.0
27.55442237854004, 33.813560485839844, 8.600000381469727
-9.343207359313965, 34.64186096191406, 18.0
25.951248168945312, 36.577484130859375, 9.5
27.316259384155273, 36.33198165893555, 11.666666984558105
-10.428018569946289, 37.74155044555664, 22.0
25.532663345336914, 38.17868423461914, 8.0
24.239229202270508, 40.403385162353516, 11.0
24.373905181884766, 40.068504333496094, 11.0
23.388355255126953, 41.24704360961914, 7.0
23.82379150390625, 40.83940505981445, 13.0
23.448272705078125, 43.186500549316406, 18.0
22.90190315246582, 43.4433479309082, 13.666666984558105
21.93956184387207, 44.21421432495117, 7.333333492279053
21.234033584594727, 45.5706672668457, 11.333333015441895
20.66303062438965, 46.56377410888672, 9.0
20.77399253845215, 46.04962158203125, 13.0
19.769195556640625, 47.672035217285156, 8.0
20.311906814575195, 47.3327522277832, 9.0
19.279743194580078, 48.15605163574219, 12.5
-12.670047760009766, -42.71796798706055, 7.0
-12.093156814575195, -42.721858978271484, 6.75
-11.215535163879395, -42.694847106933594, 9.0
-10.37879753112793, -42.69281005859375, 10.625
-9.396946907043457, -42.65433120727539, 10.44444465637207
-8.485998153686523, -42.67499542236328, 9.5
-7.6750311851501465, -42.679534912109375, 9.88888931274414
-6.770502090454102, -42.68771743774414, 11.727272987365723
-5.795215129852295, -42.67390060424805, 12.11111068725586
-4.996706485748291, -42.67116165161133, 12.0
-4.123157024383545, -42.7077751159668, 13.5
-3.1823348999023438, -42.70170593261719, 10.625
-2.4679601192474365, -42.7061767578125, 9.600000381469727
-1.178166389465332, -42.65643310546875, 10.75
-0.5179296135902405, -42.664180755615234, 15.0
0.27024397253990173, -42.661460876464844, 13.0
2.5614349842071533, -42.69341278076172, 13.0
2.885385274887085, -42.673160552978516, 16.0
4.09074068069458, -42.72737121582031, 10.5
5.042626857757568, -42.68845748901367, 14.714285850524902
5.851658344268799, -42.60607147216797, 13.375
6.756699085235596, -42.58357238769531, 15.0
7.404066562652588, -42.65664291381836, 16.0
8.516345024108887, -42.5827522277832, 13.5
9.553786277770996, -42.54051971435547, 12.0
10.195976257324219, -42.46735763549805, 12.399999618530273
14.587607383728027, -42.35572052001953, 18.0
25.362977981567383, -42.31016159057617, 17.0
23.060626983642578, -42.169456481933594, 11.5
25.048999786376953, -42.117103576660156, 9.5
25.628978729248047, -42.160804748535156, 11.800000190734863
26.551158905029297, -42.088768005371094, 12.285714149475098
27.43747329711914, -42.0062141418457, 14.428571701049805
28.317874908447266, -41.98343276977539, 10.857142448425293
29.369150161743164, -42.051918029785156, 10.833333015441895
30.17031478881836, -41.89806365966797, 10.0
30.625057220458984, -41.809364318847656, 10.5
-1.8564361333847046, -37.830501556396484, 30.0
-1.4742257595062256, -37.95534896850586, 20.85714340209961
-1.8714265823364258, -37.78152084350586, 35.0
-0.9142364263534546, -21.429712295532227, 48.0
-0.7829841375350952, -21.441913604736328, 54.0
1.1448378562927246, -20.829463958740234, 18.0
1.543889045715332, -16.62007713317871, 106.07142639160156
1.9091780185699463, -16.79064178466797, 188.0
11.465425491333008, -15.370607376098633, 495.5
5.194070339202881, -14.81079387664795, 177.75
5.884866237640381, -14.817262649536133, 139.75
7.106863498687744, -14.821338653564453, 146.25
7.504608154296875, -14.743351936340332, 67.0
11.558331489562988, -14.803812980651855, 105.92857360839844
11.721932411193848, -14.465896606445312, 10.5
17.602336883544922, -14.618729591369629, 101.23529052734375
1.2356663942337036, -14.032649993896484, 117.41666412353516
3.543631076812744, -14.033607482910156, 164.3333282470703
3.9805779457092285, -13.845332145690918, 285.5555419921875
4.958831310272217, -13.91716194152832, 122.95161437988281
5.885309219360352, -13.975629806518555, 172.15516662597656
6.712547302246094, -13.689553260803223, 153.8085174560547
7.491777420043945, -13.548224449157715, 127.58333587646484
11.633368492126465, -14.356622695922852, 14.75
12.083001136779785, -14.210796356201172, 14.681818008422852
12.999739646911621, -14.035209655761719, 11.1304349899292
13.79333782196045, -13.913717269897461, 17.826086044311523
14.75732135772705, -13.825952529907227, 15.931034088134766
15.640031814575195, -13.756441116333008, 13.333333015441895
16.64070701599121, -13.83641529083252, 21.66666603088379
17.73049545288086, -13.929101943969727, 114.52381134033203
21.096866607666016, -13.724550247192383, 29.0
4.13153600692749, -13.44133472442627, 205.125
5.000211238861084, -13.464491844177246, 89.66666412353516
5.899808406829834, -13.420745849609375, 129.22222900390625
6.818558216094971, -13.378796577453613, 121.7272720336914
7.722414016723633, -13.367124557495117, 173.51515197753906
17.88705825805664, -13.337225914001465, 176.93333435058594
18.366147994995117, -13.295572280883789, 61.8125
19.373794555664062, -13.37795352935791, 40.58333206176758
19.815969467163086, -13.240653991699219, 33.5
-0.19644436240196228, -10.824228286743164, 6.0
0.3861047029495239, -10.884870529174805, 903.6206665039062
-5.811144828796387, -10.636816024780273, 8.0
0.3292563855648041, -10.766447067260742, 518.2857055664062
1.7734849452972412, -10.221038818359375, 56.0
1.8912252187728882, -10.231901168823242, 149.10000610351562
10.766530990600586, -10.57826042175293, 47.0
10.818227767944336, -10.557172775268555, 25.714284896850586
18.13955307006836, -10.121967315673828, 20.0
-8.192622184753418, -7.520043849945068, 43.66666793823242
-7.969540596008301, -7.684717655181885, 57.400001525878906
3.534968852996826, -1.6719862222671509, 51.69230651855469
4.20847749710083, -1.6985437870025635, 110.75
3.1570780277252197, 1.9451173543930054, 45.20000076293945
3.9871878623962402, 1.9917625188827515, 88.0
36.67997741699219, 7.447611331939697, 456.8888854980469
42.473636627197266, 8.976421356201172, 8.0
43.7891731262207, 8.137234687805176, 5.0
41.271202087402344, 12.227745056152344, 5.0
41.52134323120117, 11.749783515930176, 5.0
39.57061767578125, 16.10688591003418, 7.5
39.6647834777832, 16.126482009887695, 12.0
39.37582778930664, 16.596343994140625, 6.0
1.1754876375198364, 18.486284255981445, 151.6666717529297
38.29193878173828, 18.691770553588867, 18.0
34.34493637084961, 22.93148422241211, 5.0
34.861534118652344, 24.55211067199707, 21.33333396911621
32.44607925415039, 25.94977378845215, 10.0
33.273963928222656, 26.948270797729492, 11.0
32.7548942565918, 27.370193481445312, 6.5
33.436397552490234, 27.076404571533203, 16.0
30.379117965698242, 29.987903594970703, 6.0
31.825233459472656, 29.933338165283203, 16.0
30.700881958007812, 31.442062377929688, 7.0
30.27861785888672, 31.97728729248047, 7.0
28.069561004638672, 33.129093170166016, 6.5
30.010669708251953, 32.55103302001953, 9.199999809265137
27.437179565429688, 34.066986083984375, 9.0
26.297224044799805, 36.35597610473633, 8.0
27.502410888671875, 36.3515739440918, 6.0
25.92303466796875, 37.02153778076172, 6.5
25.076387405395508, 38.515968322753906, 6.0
25.540691375732422, 38.20989227294922, 6.5
27.14167022705078, 38.04475402832031, 25.0
24.519336700439453, 39.22381591796875, 7.5
24.08523941040039, 40.18376159667969, 5.5
24.495811462402344, 40.274349212646484, 5.0
23.783729553222656, 40.80802917480469, 6.5
23.566532135009766, 43.410438537597656, 22.0
22.17538833618164, 44.355140686035156, 6.5
7.50324821472168, -43.346900939941406, 23.0
-12.711172103881836, -42.7840461730957, 10.0
-10.732439041137695, -42.772552490234375, 6.0
5.329799652099609, -14.60283088684082, 203.0
5.44464635848999, -14.501708984375, 109.5
17.595619201660156, -14.809239387512207, 31.0
1.2967629432678223, -14.017243385314941, 183.0
7.544704437255859, -13.60218334197998, 158.5
15.779382705688477, -13.787354469299316, 48.0
4.163787364959717, -13.419001579284668, 123.0
7.743777275085449, -13.374603271484375, 280.75
18.703439712524414, -13.348478317260742, 94.0
18.921411514282227, -13.32956600189209, 67.0
10.793330192565918, -10.527151107788086, 16.0
-8.219467163085938, -7.501953125, 99.25
-7.993863582611084, -7.711780548095703, 164.39999389648438
31.846464157104492, 29.925586700439453, 18.0
30.32544708251953, 32.618160247802734, 19.0
