Timestamp fo ptCloud: 1712591249.413647
x:                         y:
-1.1967248916625977, -42.71118927001953, 5.5
-0.3661244213581085, -42.64683151245117, 8.0
0.7665964365005493, -42.56575012207031, 9.0
1.027592420578003, -42.553245544433594, 14.0
2.0703301429748535, -42.48924255371094, 12.0
6.245095252990723, -42.21723556518555, 10.0
7.567568778991699, -42.174781799316406, 11.0
11.41141414642334, -41.79872131347656, 13.0
14.039877891540527, -41.6947135925293, 13.666666984558105
14.824493408203125, -41.48347473144531, 10.333333015441895
16.794265747070312, -41.30613708496094, 8.333333015441895
0.457584410905838, -38.53896713256836, 6.0
1.6149661540985107, -37.929325103759766, 28.0
2.1990480422973633, -37.94384002685547, 21.0
-6.484784126281738, -33.60780334472656, 6.0
-2.2561521530151367, -28.182384490966797, 9.0
-3.2019524574279785, -27.312541961669922, 8.0
-4.312200546264648, -25.29412078857422, 7.5
-5.236828327178955, -23.99492645263672, 8.0
-5.6934685707092285, -23.323923110961914, 7.0
-0.12864713370800018, -22.82145881652832, 17.0
0.36346182227134705, -22.901838302612305, 13.166666984558105
-1.851418375968933, -21.624866485595703, 8.0
-1.2644703388214111, -21.883365631103516, 9.0
-0.664154589176178, -21.994298934936523, 11.333333015441895
-1.9329166412353516, -21.055517196655273, 13.0
-1.18388831615448, -20.840585708618164, 34.57143020629883
1.6026123762130737, -20.923717498779297, 29.375
2.366739273071289, -20.78680992126465, 23.285715103149414
2.8079800605773926, -20.73556137084961, 10.0
-3.6225569248199463, -20.19988250732422, 19.0
-2.9583957195281982, -20.30313491821289, 12.333333015441895
2.6882574558258057, -20.6669864654541, 23.0
3.1963226795196533, -20.54937171936035, 55.14285659790039
3.684439182281494, -20.532873153686523, 31.0
6.072805881500244, -20.01513671875, 27.125
6.510415554046631, -19.89470100402832, 19.5
-4.014072895050049, -19.20501136779785, 10.0
-4.7324090003967285, -18.336999893188477, 11.75
-4.4083662033081055, -18.603145599365234, 16.0
-5.535751819610596, -17.504743576049805, 9.666666984558105
-5.104461669921875, -17.90894889831543, 8.333333015441895
-1.2357674837112427, -17.384790420532227, 23.83333396911621
-2.210050106048584, -16.611249923706055, 25.625
-1.6836377382278442, -17.01404571533203, 19.0
2.9407665729522705, -16.260269165039062, 86.33333587646484
4.340162754058838, -16.39269256591797, 122.80000305175781
6.5584282875061035, -16.422378540039062, 85.0
-2.989708662033081, -15.756787300109863, 30.66666603088379
-2.6471381187438965, -16.08900260925293, 23.5
0.6660192608833313, -15.508390426635742, 112.14286041259766
6.677785873413086, -15.546753883361816, 27.83333396911621
-8.231178283691406, -14.546284675598145, 9.0
-3.860097646713257, -14.620049476623535, 26.428571701049805
-3.4003453254699707, -15.11003589630127, 28.200000762939453
1.3240745067596436, -14.978506088256836, 98.0999984741211
7.535412788391113, -14.408891677856445, 168.5
8.251904487609863, -14.439384460449219, 56.0
14.07687759399414, -14.596698760986328, 7.0
14.545209884643555, -14.808088302612305, 15.75
-8.4485445022583, -14.309136390686035, 7.0
-4.724685192108154, -13.716177940368652, 18.0
-4.312729835510254, -14.196269035339355, 25.399999618530273
2.264127731323242, -14.321563720703125, 117.28571319580078
3.4441311359405518, -13.734134674072266, 151.73333740234375
3.626110076904297, -13.757345199584961, 100.5
5.84075927734375, -13.525018692016602, 7.5
6.887085914611816, -13.64392375946045, 79.69999694824219
7.688756465911865, -13.985403060913086, 78.86666870117188
9.458324432373047, -14.26484489440918, 80.44444274902344
13.805397987365723, -13.877222061157227, 11.307692527770996
21.395050048828125, -13.853949546813965, 15.333333015441895
21.62131118774414, -13.695045471191406, 11.0
23.07787322998047, -13.68664264678955, 18.5
-5.0972113609313965, -13.31929874420166, 9.25
-2.824812650680542, -12.752666473388672, 52.75
-2.3762502670288086, -13.207695960998535, 50.66666793823242
6.03606653213501, -12.984027862548828, 127.88235473632812
6.865151882171631, -13.269326210021973, 185.14285278320312
7.63742208480835, -13.157812118530273, 156.38710021972656
8.45239543914795, -13.098252296447754, 128.5
9.601861000061035, -12.850366592407227, 139.4545440673828
10.076169967651367, -12.913073539733887, 25.0
14.079475402832031, -13.336824417114258, 21.64285659790039
14.764100074768066, -13.15140438079834, 23.58823585510254
15.751489639282227, -12.932096481323242, 18.700000762939453
16.575475692749023, -12.830108642578125, 18.5
17.48485565185547, -12.691667556762695, 19.899999618530273
18.846960067749023, -12.771791458129883, 19.0
18.91666030883789, -12.650348663330078, 39.0
23.161767959594727, -13.276617050170898, 29.375
-7.14731502532959, -11.748215675354004, 8.0
-3.854442596435547, -11.90637493133545, 31.428571701049805
-3.2910819053649902, -12.330167770385742, 54.900001525878906
8.617255210876465, -12.403999328613281, 60.70588302612305
9.095553398132324, -12.554183959960938, 70.4000015258789
17.79105567932129, -12.53185749053955, 19.33333396911621
18.23012924194336, -12.276308059692383, 15.5
19.384384155273438, -12.535520553588867, 24.25
20.241050720214844, -12.310118675231934, 30.399999618530273
21.369979858398438, -12.113176345825195, 20.25
21.760366439819336, -11.909801483154297, 18.200000762939453
23.321792602539062, -12.385639190673828, 31.0
23.617263793945312, -12.3836669921875, 24.5
-7.399119853973389, -11.593563079833984, 7.75
-4.288851737976074, -11.427277565002441, 15.75
-6.1060872077941895, -9.973678588867188, 8.0
-3.6162803173065186, -9.915587425231934, 39.0
-3.135134220123291, -10.23489761352539, 69.5
2.259273052215576, -10.661446571350098, 319.8085021972656
2.986112117767334, -10.093606948852539, 368.4666748046875
3.864494800567627, -10.128737449645996, 157.88888549804688
-6.36317253112793, -9.646560668945312, 7.0
-6.245036602020264, -9.791038513183594, 10.5
-3.732992649078369, -9.680547714233398, 19.600000381469727
12.70304012298584, -9.616174697875977, 63.25
-5.410534381866455, -8.429831504821777, 6.0
-5.223453998565674, -8.597054481506348, 7.0
-3.0187931060791016, -8.689925193786621, 57.42856979370117
11.501513481140137, -8.395657539367676, 127.0
13.472916603088379, -8.532828330993652, 156.6666717529297
-4.584238529205322, -7.611320495605469, 7.333333492279053
-4.413745880126953, -7.789731979370117, 6.5
-2.962320327758789, -7.470178127288818, 56.25
8.168166160583496, -3.6522066593170166, 55.5
8.38691234588623, -3.1479814052581787, 95.55555725097656
10.77454948425293, -3.5625226497650146, 47.0
10.903545379638672, -3.3470842838287354, 55.0
6.973487377166748, -2.40163516998291, 80.46666717529297
8.623424530029297, -2.5882325172424316, 86.25
11.163256645202637, -2.046177387237549, 58.75
4.8724822998046875, -1.3192613124847412, 120.44444274902344
5.66011381149292, -1.271094799041748, 198.1999969482422
7.344779014587402, -1.1847538948059082, 74.38461303710938
7.395096778869629, -0.4347541332244873, 99.4000015258789
7.340069770812988, 0.4698222279548645, 96.75
15.463940620422363, 0.5318628549575806, 51.400001525878906
-0.2587403655052185, 1.562143325805664, 11.0
4.278360366821289, 2.298590660095215, 87.83721160888672
5.0471510887146, 2.310690402984619, 198.26470947265625
18.760696411132812, 2.2122557163238525, 28.08333396911621
8.268187522888184, 2.905771017074585, 268.6363525390625
21.929580688476562, 4.724493503570557, 22.5
17.661691665649414, 6.392467021942139, 55.400001525878906
23.0136661529541, 6.839955806732178, 12.0
36.951255798339844, 8.288000106811523, 20.0
23.380020141601562, 9.189271926879883, 32.5
37.60343933105469, 9.772159576416016, 8.5
45.35502624511719, 9.299505233764648, 12.0
-6.361352443695068, 10.767050743103027, 7.0
-6.28812313079834, 10.793787956237793, 9.0
-6.1266279220581055, 10.81968879699707, 6.0
19.274160385131836, 11.55765151977539, 38.5
43.14813232421875, 12.121586799621582, 8.333333015441895
42.23164749145508, 13.27463150024414, 10.0
17.784719467163086, 14.12371826171875, 17.66666603088379
22.473554611206055, 14.045125007629395, 22.5
41.557411193847656, 14.714262962341309, 9.5
15.630578994750977, 15.82987117767334, 59.5
40.193538665771484, 16.055431365966797, 6.0
11.930715560913086, 17.628082275390625, 57.5
-7.137186050415039, 18.474544525146484, 8.0
1.3183156251907349, 18.573881149291992, 53.57143020629883
17.84901237487793, 18.52606201171875, 21.5
-10.889707565307617, 18.95556640625, 8.0
9.160527229309082, 20.506959915161133, 32.75
38.03958511352539, 21.028118133544922, 15.333333015441895
-7.65285587310791, 22.262691497802734, 19.5
35.98064422607422, 22.456804275512695, 7.0
35.70439529418945, 22.909046173095703, 8.75
6.744530200958252, 24.01847267150879, 31.66666603088379
36.39292907714844, 23.663352966308594, 5.5
34.68018341064453, 24.669309616088867, 13.199999809265137
-8.353906631469727, 26.576505661010742, 17.0
9.498738288879395, 26.52676010131836, 16.0
34.553871154785156, 26.605037689208984, 18.0
4.962291240692139, 27.575620651245117, 56.0
32.35845947265625, 27.78641700744629, 8.0
32.654693603515625, 27.35210609436035, 10.0
8.261174201965332, 29.112295150756836, 15.0
32.65663146972656, 29.039920806884766, 11.5
30.92088508605957, 29.883472442626953, 10.5
-9.490796089172363, 30.651012420654297, 24.0
4.128990173339844, 31.09227180480957, 13.0
30.210351943969727, 31.076568603515625, 11.0
7.732102870941162, 31.658470153808594, 15.0
30.01848793029785, 31.899871826171875, 11.0
-10.126493453979492, 34.183326721191406, 14.0
28.294286727905273, 33.823516845703125, 13.666666984558105
29.658588409423828, 33.51496887207031, 8.0
28.075122833251953, 34.831336975097656, 6.0
3.906322717666626, 35.101009368896484, 17.0
27.000019073486328, 35.458011627197266, 8.0
25.96272850036621, 36.606170654296875, 10.5
26.36643409729004, 36.1507568359375, 10.0
27.99754524230957, 36.30366516113281, 7.0
24.89365005493164, 38.14461135864258, 13.399999618530273
25.287071228027344, 39.361934661865234, 6.0
1.4982948303222656, 40.25579833984375, 16.0
23.92609405517578, 40.06904220581055, 7.666666507720947
24.98744010925293, 39.6932487487793, 6.0
23.095409393310547, 41.92284393310547, 9.0
23.48580551147461, 41.420536041259766, 8.0
22.372060775756836, 42.43993377685547, 11.0
22.649972915649414, 42.335365295410156, 6.0
-0.2516106963157654, 43.7689208984375, 9.0
21.93675422668457, 44.901405334472656, 9.0
21.272920608520508, 45.291255950927734, 10.5
21.649127960205078, 45.010833740234375, 19.0
23.209043502807617, 45.36870193481445, 8.0
20.056358337402344, 46.34353256225586, 10.5
18.739810943603516, 48.52469253540039, 6.0
19.12961196899414, 48.210208892822266, 6.5
18.335250854492188, 48.80854797363281, 8.5
-12.939929008483887, -43.62873077392578, 6.0
-12.335307121276855, -43.567203521728516, 6.0
-11.103830337524414, -43.45399856567383, 7.400000095367432
-10.155472755432129, -43.39338684082031, 9.75
-9.486528396606445, -43.34563446044922, 9.375
-8.748019218444824, -43.32991409301758, 8.0
-7.6315083503723145, -43.231563568115234, 12.166666984558105
6.060429573059082, -43.59846496582031, 22.5
6.991254806518555, -43.43330383300781, 16.0
-7.215009689331055, -43.152626037597656, 13.5
-6.666587829589844, -43.13579559326172, 12.75
-5.848083019256592, -43.064762115478516, 10.666666984558105
-4.940235137939453, -43.008785247802734, 12.545454978942871
-4.016042709350586, -42.958892822265625, 13.100000381469727
-3.1974735260009766, -42.90751266479492, 13.375
-2.236201524734497, -42.85219192504883, 14.0
-1.3124932050704956, -42.79804992675781, 13.666666984558105
-0.4728047847747803, -42.746360778808594, 15.199999809265137
0.4425283670425415, -42.68896484375, 11.333333015441895
1.3080922365188599, -42.60709762573242, 11.857142448425293
2.075596809387207, -42.543243408203125, 15.0
3.088318109512329, -42.47269058227539, 11.333333015441895
4.039676189422607, -42.489688873291016, 11.666666984558105
4.962388038635254, -42.36711883544922, 13.428571701049805
5.793825626373291, -42.31013870239258, 12.333333015441895
11.404701232910156, -42.72674560546875, 50.5
12.05359935760498, -42.5303840637207, 412.6666564941406
6.179535388946533, -42.28603744506836, 16.33333396911621
6.862522125244141, -42.277137756347656, 12.399999618530273
7.7518510818481445, -42.19283676147461, 12.800000190734863
8.129646301269531, -42.17609786987305, 14.0
11.281490325927734, -41.910343170166016, 13.166666984558105
12.133517265319824, -41.82780838012695, 13.600000381469727
12.887260437011719, -41.76299285888672, 12.5
13.949284553527832, -41.696571350097656, 11.0
14.859408378601074, -41.52796936035156, 14.0
16.57516860961914, -41.4466438293457, 14.5
16.919586181640625, -41.33757781982422, 13.666666984558105
17.121366500854492, -41.293601989746094, 10.0
29.582921981811523, -40.401485443115234, 15.0
29.817638397216797, -40.23301696777344, 10.0
31.95833396911621, -40.1800537109375, 12.5
32.74839782714844, -40.04022216796875, 10.714285850524902
33.7624626159668, -39.97929763793945, 8.285714149475098
34.59312438964844, -39.859535217285156, 7.0
35.4484977722168, -39.839332580566406, 9.0
36.140899658203125, -39.886322021484375, 8.0
36.7551383972168, -39.59331512451172, 6.0
0.3412204384803772, -38.451663970947266, 22.5
1.5451103448867798, -37.853511810302734, 27.5
2.1365163326263428, -37.87342834472656, 29.399999618530273
-12.411608695983887, -22.243614196777344, 8.0
1.5694043636322021, -21.274242401123047, 14.0
1.9623957872390747, -21.259672164916992, 20.5
3.3044793605804443, -20.578887939453125, 41.5
6.299697399139404, -19.90688133239746, 12.0
6.4143452644348145, -19.845012664794922, 43.0
4.200408935546875, -16.524883270263672, 158.0
7.792851448059082, -14.443620681762695, 97.0
8.413787841796875, -14.440850257873535, 144.6666717529297
13.788909912109375, -14.4813232421875, 198.60000610351562
3.409759521484375, -13.77955150604248, 113.33333587646484
5.883747100830078, -13.632340431213379, 194.48484802246094
6.768463134765625, -13.66234016418457, 113.17241668701172
7.585862159729004, -13.748075485229492, 254.8095245361328
8.263215065002441, -13.659144401550293, 103.11111450195312
9.362946510314941, -14.200544357299805, 175.3333282470703
13.809321403503418, -13.897910118103027, 55.07143020629883
19.738954544067383, -13.544734954833984, 57.33333206176758
6.030144214630127, -13.24621868133545, 227.5263214111328
6.7092509269714355, -13.253872871398926, 119.85713958740234
7.6654205322265625, -13.234315872192383, 113.86666870117188
8.595181465148926, -13.156600952148438, 119.2549057006836
9.47546100616455, -12.901164054870605, 149.79661560058594
9.948216438293457, -12.718206405639648, 87.19999694824219
14.062536239624023, -13.34497356414795, 19.727272033691406
14.842630386352539, -13.136709213256836, 12.923076629638672
15.833065032958984, -12.913080215454102, 11.266666412353516
16.69199562072754, -12.769978523254395, 19.75
17.493850708007812, -12.672837257385254, 12.368420600891113
19.77315330505371, -13.189881324768066, 137.5
19.841293334960938, -12.964177131652832, 90.36842346191406
17.779497146606445, -12.517451286315918, 8.333333015441895
18.056982040405273, -12.56041145324707, 9.0
20.046491622924805, -12.197382926940918, 101.20513153076172
21.230112075805664, -12.007144927978516, 37.20000076293945
21.779443740844727, -11.870577812194824, 28.0
23.092912673950195, -12.252009391784668, 17.25
2.243892192840576, -10.812466621398926, 948.3333129882812
2.3395655155181885, -10.648638725280762, 487.5641174316406
3.8229358196258545, -9.95041275024414, 115.33333587646484
4.0888752937316895, -9.870467185974121, 9.0
12.726461410522461, -9.709172248840332, 27.5
16.9762020111084, -9.210981369018555, 9.0
-6.546995639801025, -7.934828758239746, 18.0
4.923837184906006, -1.2985093593597412, 106.66666412353516
5.169650077819824, 2.386152982711792, 77.0
37.47685241699219, 9.791692733764648, 614.5
37.436485290527344, 10.106672286987305, 27.5
42.11748504638672, 13.327380180358887, 17.0
42.592002868652344, 14.377913475036621, 9.0
41.720603942871094, 15.220563888549805, 11.0
42.592193603515625, 14.655987739562988, 6.0
40.00571823120117, 15.87320613861084, 6.0
39.917442321777344, 16.23272705078125, 10.0
1.321626901626587, 18.7033748626709, 64.5
38.33455276489258, 21.10072898864746, 19.0
36.62783432006836, 23.830739974975586, 13.0
34.62752151489258, 26.685165405273438, 15.0
35.57857131958008, 27.07387351989746, 5.0
33.01008987426758, 29.190797805786133, 8.333333015441895
31.211503982543945, 31.867185592651367, 8.333333015441895
29.8077335357666, 33.27399826049805, 5.0
29.778846740722656, 34.07399368286133, 5.0
28.486692428588867, 34.68781280517578, 5.0
29.45655059814453, 34.577457427978516, 8.0
26.70220947265625, 35.69064712524414, 10.0
26.308923721313477, 36.37342071533203, 6.0
27.839534759521484, 37.06101989746094, 10.0
27.915218353271484, 37.16618347167969, 22.0
26.126163482666016, 39.59626388549805, 11.0
24.056041717529297, 40.13655090332031, 6.0
24.434062957763672, 39.929039001464844, 9.0
26.209182739257812, 39.76947784423828, 10.0
24.1710205078125, 42.06730270385742, 7.333333492279053
22.362634658813477, 42.428199768066406, 7.0
22.319976806640625, 44.990543365478516, 25.0
20.666547775268555, 45.82079315185547, 7.0
21.450838088989258, 45.31512451171875, 6.0
22.34077262878418, 45.09477615356445, 12.5
20.394742965698242, 45.96867752075195, 6.0
-13.115538597106934, -43.654293060302734, 8.5
-12.101012229919434, -43.65924072265625, 5.0
-11.199638366699219, -43.50082778930664, 10.0
-10.183852195739746, -43.396263122558594, 7.5
-9.486236572265625, -43.40557098388672, 7.0
-8.649654388427734, -43.3937873840332, 6.0
8.24884033203125, -42.934329986572266, 9.0
-18.03304672241211, -28.44535255432129, 7.0
3.4547314643859863, -13.779348373413086, 141.0
6.252543926239014, -13.005425453186035, 135.0
14.841928482055664, -13.29266357421875, 6.0
15.79430103302002, -12.96767807006836, 13.0
17.903427124023438, -12.614744186401367, 7.0
19.785022735595703, -13.399625778198242, 119.0
19.85371971130371, -13.007123947143555, 150.5
20.106374740600586, -12.221694946289062, 112.85713958740234
21.10474395751953, -12.044133186340332, 58.5
42.34746551513672, 14.549875259399414, 8.0
39.93790817260742, 18.87005043029785, 19.0
38.40425109863281, 21.11785888671875, 30.0
36.83635330200195, 23.94414520263672, 14.0
34.70196533203125, 26.71906280517578, 23.0
33.07489776611328, 29.223079681396484, 18.0
31.273984909057617, 31.830198287963867, 13.5
29.45876121520996, 34.55025863647461, 10.0
27.95396614074707, 37.181907653808594, 19.0
26.232025146484375, 39.75151443481445, 13.0
