Timestamp fo ptCloud: 1712591251.0135708
x:                         y:
-3.714846611022949, -42.934234619140625, 4.0
-1.3283205032348633, -42.717002868652344, 8.0
-0.27908608317375183, -42.641204833984375, 9.666666984558105
0.6358623504638672, -42.57670593261719, 12.0
1.2880960702896118, -42.536617279052734, 7.333333492279053
2.0690412521362305, -42.46828079223633, 9.0
4.15397834777832, -42.35242462158203, 11.0
7.567660331726074, -42.177303314208984, 12.0
14.000831604003906, -41.57913589477539, 13.0
14.671356201171875, -41.45693588256836, 9.5
15.07588005065918, -41.38521194458008, 18.0
16.635765075683594, -41.279876708984375, 11.5
0.21937009692192078, -38.279056549072266, 12.0
1.6151543855667114, -37.93932342529297, 25.0
2.1989948749542236, -37.94684600830078, 24.0
-6.718618869781494, -33.705623626708984, 9.0
-4.971676349639893, -24.58646583557129, 9.5
-0.3394879102706909, -22.863689422607422, 21.5
0.4078984260559082, -23.02989959716797, 14.800000190734863
-1.9281151294708252, -21.735002517700195, 14.0
-1.6603409051895142, -21.746566772460938, 11.5
-2.3228578567504883, -21.051679611206055, 9.800000190734863
-1.188212275505066, -20.875207901000977, 34.57143020629883
1.604042649269104, -20.94491958618164, 34.25
2.390439510345459, -20.773109436035156, 27.538461685180664
15.792677879333496, -21.271732330322266, 7.0
16.66047477722168, -21.058780670166016, 16.0
17.715940475463867, -20.77257537841797, 7.5
-3.1642284393310547, -20.126150131225586, 10.5
2.6922531127929688, -20.698732376098633, 22.0
3.185483455657959, -20.54861831665039, 48.86666488647461
3.6920735836029053, -20.57620620727539, 31.0
6.013234615325928, -20.017005920410156, 31.33333396911621
6.478518009185791, -19.866500854492188, 22.0
18.5091609954834, -20.350324630737305, 9.0
18.910377502441406, -19.84226417541504, 6.0
-4.123078346252441, -19.176555633544922, 12.399999618530273
6.808979511260986, -19.760894775390625, 5.0
-4.858866214752197, -18.24888801574707, 12.666666984558105
-4.196154594421387, -18.73009490966797, 11.5
-5.544040679931641, -17.529788970947266, 7.5
-5.290214538574219, -17.66521453857422, 10.0
-9.610172271728516, -16.484235763549805, 5.0
2.9448423385620117, -16.28290367126465, 86.16666412353516
4.343279838562012, -16.40469741821289, 130.0
6.5627570152282715, -16.43357276916504, 100.0
-9.93679428100586, -16.12169647216797, 12.0
-3.04620099067688, -15.801542282104492, 30.77777862548828
0.664775550365448, -15.481706619262695, 106.57142639160156
6.5631103515625, -15.572929382324219, 19.200000762939453
-8.267210960388184, -14.506180763244629, 11.0
-3.7935378551483154, -14.732419967651367, 25.600000381469727
-3.4683687686920166, -14.982379913330078, 24.33333396911621
1.3232001066207886, -14.969983100891113, 96.0999984741211
7.476711750030518, -14.404632568359375, 159.0
8.265063285827637, -14.458855628967285, 42.33333206176758
14.567672729492188, -14.746007919311523, 11.714285850524902
23.935579299926758, -14.935358047485352, 7.0
-8.625654220581055, -14.159059524536133, 7.5
-4.667623996734619, -13.824457168579102, 17.600000381469727
-4.218753337860107, -14.199403762817383, 22.0
2.264284610748291, -14.323129653930664, 110.42857360839844
3.4431662559509277, -13.730459213256836, 154.93333435058594
3.6210460662841797, -13.738519668579102, 94.5
5.872187614440918, -13.59855842590332, 11.0
6.887567043304443, -13.62439250946045, 87.19999694824219
7.639902114868164, -14.079646110534668, 93.61538696289062
9.357922554016113, -14.144857406616211, 39.57143020629883
13.79432201385498, -13.887802124023438, 13.25
17.546001434326172, -13.813685417175293, 18.0
21.47879409790039, -13.967791557312012, 9.0
21.686450958251953, -13.830028533935547, 27.0
23.1051082611084, -13.70346450805664, 23.0
-5.025479793548584, -13.295117378234863, 12.166666984558105
6.029648780822754, -12.946805000305176, 127.77777862548828
6.878657341003418, -13.29369831085205, 175.93333435058594
7.67886209487915, -13.161519050598145, 156.6666717529297
8.421831130981445, -13.043456077575684, 126.5
9.601311683654785, -12.81591510772705, 113.33333587646484
10.130715370178223, -12.89770793914795, 154.25
14.095934867858887, -13.35258960723877, 19.14285659790039
14.784449577331543, -13.145223617553711, 22.44444465637207
15.757100105285645, -12.936777114868164, 18.600000381469727
16.538694381713867, -12.801673889160156, 17.33333396911621
17.45703887939453, -12.694374084472656, 22.44444465637207
18.80959129333496, -12.746737480163574, 17.0
18.912395477294922, -12.728353500366211, 20.0
23.08475112915039, -13.226414680480957, 28.14285659790039
23.43666648864746, -12.697497367858887, 25.0
-7.1977691650390625, -11.83103084564209, 6.0
8.597073554992676, -12.402205467224121, 58.11111068725586
9.097846984863281, -12.549323081970215, 64.0
17.793413162231445, -12.500663757324219, 18.22222137451172
18.277944564819336, -12.064313888549805, 14.0
19.306659698486328, -12.48585319519043, 27.5
20.23160171508789, -12.304502487182617, 28.600000381469727
21.3720703125, -12.150056838989258, 24.0
21.762603759765625, -11.898388862609863, 23.0
23.349205017089844, -12.428475379943848, 26.0
23.69488525390625, -12.28227710723877, 15.0
-7.3612518310546875, -11.45702075958252, 6.400000095367432
12.878959655761719, -11.335960388183594, 102.0
13.738256454467773, -11.084814071655273, 54.375
17.911823272705078, -11.665471076965332, 16.0
18.29696273803711, -11.132580757141113, 18.200000762939453
27.991668701171875, -10.979043960571289, 6.0
-6.031970977783203, -9.989786148071289, 7.25
2.288630962371826, -10.66651439666748, 305.8039245605469
3.014012575149536, -10.294266700744629, 285.80950927734375
3.864201545715332, -10.143213272094727, 169.36363220214844
11.384529113769531, -10.545856475830078, 137.25
18.59779167175293, -10.397948265075684, 16.714284896850586
-6.2364606857299805, -9.843931198120117, 10.0
12.175921440124512, -9.382923126220703, 43.0
12.697714805603027, -9.620221138000488, 60.5
14.258285522460938, -9.62462043762207, 138.75
18.750669479370117, -9.66753101348877, 19.25
19.264957427978516, -9.340961456298828, 18.75
11.485270500183105, -8.395365715026855, 151.7142791748047
13.466451644897461, -8.500732421875, 116.25
18.806514739990234, -8.347383499145508, 14.0
19.151601791381836, -8.690722465515137, 16.0
18.781490325927734, -7.656745433807373, 17.5
19.17499351501465, -7.816009998321533, 24.0
18.889915466308594, -7.164366722106934, 16.0
18.993913650512695, -6.741953372955322, 24.5
19.117713928222656, -5.873830795288086, 19.625
19.030515670776367, -4.652811050415039, 17.0
19.285663604736328, -3.8453516960144043, 13.600000381469727
19.397876739501953, -3.1303482055664062, 12.857142448425293
19.35996437072754, -2.457831621170044, 17.0
4.8696675300598145, -1.3160183429718018, 119.4456558227539
5.6596598625183105, -1.2710157632827759, 197.07142639160156
19.332441329956055, -1.483059048652649, 15.0
19.13513946533203, -0.42090025544166565, 15.125
15.417198181152344, 0.5301026701927185, 53.0
18.88417625427246, 0.8024327158927917, 13.0
19.02881622314453, 0.34080344438552856, 12.600000381469727
-0.30374789237976074, 1.4883453845977783, 8.454545021057129
18.884777069091797, 1.7338242530822754, 18.0
19.032718658447266, 1.2760955095291138, 14.428571701049805
4.275101661682129, 2.2913005352020264, 86.70237731933594
5.058125972747803, 2.3145785331726074, 197.7014923095703
18.732343673706055, 2.0741567611694336, 34.125
18.956260681152344, 2.506174325942993, 17.5
49.73724365234375, 2.2845959663391113, 8.5
8.258983612060547, 2.9146056175231934, 236.84616088867188
11.633915901184082, 3.3147101402282715, 116.1875
18.84896469116211, 3.499936103820801, 22.0
18.950929641723633, 3.0996875762939453, 18.5
49.66292190551758, 2.7394583225250244, 10.0
15.062679290771484, 4.275720596313477, 25.0
18.707134246826172, 4.095620632171631, 14.600000381469727
18.906129837036133, 3.912567138671875, 14.0
18.66837501525879, 4.849191188812256, 16.33333396911621
21.959686279296875, 4.7494282722473145, 13.666666984558105
18.367244720458984, 5.870060443878174, 15.375
48.62174987792969, 6.294188022613525, 11.0
17.64785385131836, 6.387255668640137, 63.20000076293945
18.397933959960938, 6.829134464263916, 19.5
23.036775588989258, 6.8464789390563965, 15.0
48.483299255371094, 6.730474948883057, 9.0
18.243221282958984, 7.640949249267578, 13.714285850524902
17.931184768676758, 8.832171440124512, 12.0
36.987483978271484, 8.29560661315918, 12.0
45.24038314819336, 8.993289947509766, 7.0
17.75749969482422, 9.83316421508789, 11.5
23.339683532714844, 9.173028945922852, 36.5
37.47874450683594, 9.739166259765625, 9.5
44.92053985595703, 9.360291481018066, 15.5
45.8423957824707, 9.391937255859375, 10.0
17.050878524780273, 10.351261138916016, 9.0
17.589187622070312, 10.492437362670898, 9.5
44.32167053222656, 10.520035743713379, 11.333333015441895
16.839027404785156, 11.017032623291016, 10.5
19.329647064208984, 11.590547561645508, 43.5
43.26060104370117, 11.674324989318848, 12.0
42.978759765625, 12.224225997924805, 7.0
42.53816604614258, 13.040532112121582, 9.25
17.80060386657715, 14.135890007019043, 15.333333015441895
22.492145538330078, 14.066038131713867, 35.0
22.66320037841797, 14.153321266174316, 9.0
41.96249008178711, 14.046597480773926, 9.666666984558105
41.142311096191406, 15.136701583862305, 7.5
41.695926666259766, 14.619950294494629, 12.333333015441895
15.651565551757812, 15.850618362426758, 55.5
40.217926025390625, 16.064512252807617, 8.0
40.029144287109375, 16.670766830444336, 7.666666507720947
11.968017578125, 17.682537078857422, 66.0
39.693119049072266, 17.298498153686523, 9.0
-10.788674354553223, 18.780649185180664, 9.0
-7.126572608947754, 18.465099334716797, 8.0
1.2931172847747803, 18.669002532958984, 55.0
17.801143646240234, 18.487323760986328, 32.0
38.49895095825195, 18.77764129638672, 6.5
38.80815124511719, 18.634563446044922, 6.0
38.19011688232422, 19.217578887939453, 8.0
9.150827407836914, 20.48419952392578, 29.0
14.293855667114258, 20.450130462646484, 30.0
14.830662727355957, 20.276599884033203, 8.0
13.553689956665039, 20.997426986694336, 8.0
15.666468620300293, 20.8768367767334, 9.0
37.66665267944336, 21.331968307495117, 9.0
37.99177551269531, 21.000957489013672, 11.333333015441895
-7.619078636169434, 22.165910720825195, 18.5
35.94960021972656, 22.43668556213379, 11.0
36.33252716064453, 22.227821350097656, 13.0
37.156368255615234, 21.80227279663086, 14.0
35.71088409423828, 23.01886558532715, 9.0
6.702674388885498, 24.008031845092773, 19.14285659790039
34.85195541381836, 24.220802307128906, 5.0
36.296024322509766, 23.5921573638916, 7.0
34.192989349365234, 25.029245376586914, 11.0
34.583099365234375, 24.66155242919922, 8.333333015441895
33.555057525634766, 25.9549617767334, 9.666666984558105
-8.352862358093262, 26.57508087158203, 19.33333396911621
9.508488655090332, 26.55248260498047, 30.0
32.77238845825195, 26.72158432006836, 10.0
34.482383728027344, 26.557037353515625, 14.0
4.956430435180664, 27.540102005004883, 71.0
32.29841613769531, 27.83792495727539, 17.0
32.683773040771484, 27.348064422607422, 8.600000381469727
32.24755096435547, 28.507705688476562, 7.0
8.203279495239258, 28.906280517578125, 12.0
31.121559143066406, 29.523115158081055, 10.5
32.05023193359375, 29.180919647216797, 9.800000190734863
33.012535095214844, 29.167064666748047, 9.0
30.413246154785156, 30.211605072021484, 8.0
30.678329467773438, 30.111928939819336, 9.0
-9.532752990722656, 30.788759231567383, 14.0
4.137014389038086, 31.14820098876953, 12.5
30.108257293701172, 31.031692504882812, 13.5
30.720447540283203, 30.695480346679688, 7.0
7.706001281738281, 31.568395614624023, 21.0
29.580486297607422, 32.03194046020508, 15.0
29.96379852294922, 31.844345092773438, 9.5
28.681982040405273, 33.242393493652344, 13.0
29.21875, 32.788360595703125, 13.0
28.36652183532715, 33.78064727783203, 10.800000190734863
29.604129791259766, 33.45234298706055, 10.0
-10.130906105041504, 34.200782775878906, 13.0
3.8905463218688965, 34.99836730957031, 19.5
27.498348236083984, 34.6942253112793, 9.0
26.762399673461914, 35.7264518737793, 12.5
27.134923934936523, 35.34041213989258, 11.0
26.059465408325195, 36.51431655883789, 11.0
26.365509033203125, 36.14815139770508, 14.333333015441895
25.152164459228516, 37.633201599121094, 13.0
25.643287658691406, 37.12272644042969, 10.5
24.799108505249023, 38.203887939453125, 14.0
26.02730941772461, 38.40623092651367, 10.0
26.535669326782227, 38.13973617553711, 8.333333015441895
24.68881607055664, 39.48554992675781, 7.0
25.23746681213379, 39.28327941894531, 9.0
1.4995087385177612, 40.267757415771484, 16.0
23.944822311401367, 39.921199798583984, 8.0
23.11893653869629, 41.963626861572266, 11.0
23.62265396118164, 41.66022872924805, 7.0
22.45859718322754, 42.60232162475586, 17.0
22.645511627197266, 42.325286865234375, 9.0
-0.2514224946498871, 43.88291931152344, 10.0
21.80173110961914, 44.97187042236328, 9.5
20.63459014892578, 45.74061584472656, 6.0
21.07746124267578, 45.232887268066406, 11.0
20.169124603271484, 46.60364532470703, 9.0
19.511329650878906, 47.46179962158203, 8.0
19.854143142700195, 47.05876159667969, 11.0
19.18604278564453, 47.91939926147461, 9.0
17.97124481201172, 49.208648681640625, 10.0
18.489582061767578, 48.7607421875, 9.5
-14.43103313446045, -43.69161605834961, 5.0
-14.154057502746582, -43.75270080566406, 6.0
-12.627654075622559, -43.55358123779297, 7.0
-12.124722480773926, -43.49198532104492, 7.333333492279053
-11.146801948547363, -43.3918571472168, 8.666666984558105
-10.29018497467041, -43.35228729248047, 7.285714149475098
-9.447779655456543, -43.34043884277344, 10.0
-8.750179290771484, -43.33863830566406, 9.5
-7.7808518409729, -43.27693176269531, 8.0
6.071303844451904, -43.67872619628906, 15.0
7.00875997543335, -43.54391098022461, 7.0
-9.629998207092285, -42.81521987915039, 5.0
-7.528863430023193, -43.14216232299805, 9.0
-6.711550235748291, -43.07099914550781, 9.800000190734863
-5.845959663391113, -43.03409194946289, 10.125
-4.982161521911621, -42.988800048828125, 12.899999618530273
-4.059667587280273, -42.956787109375, 13.090909004211426
-3.163102149963379, -42.88923645019531, 13.55555534362793
-2.23502516746521, -42.82538986206055, 13.25
-1.3126482963562012, -42.794715881347656, 14.88888931274414
-0.47299203276634216, -42.73705291748047, 11.800000190734863
0.44865840673446655, -42.66184997558594, 12.5
1.23050057888031, -42.579345703125, 12.285714149475098
2.087505578994751, -42.49290466308594, 10.0
3.0880324840545654, -42.47220993041992, 10.0
4.068002700805664, -42.48503494262695, 12.44444465637207
4.881072044372559, -42.42938232421875, 14.222222328186035
5.830012321472168, -42.31502914428711, 11.142857551574707
6.809948921203613, -42.30711364746094, 7.0
8.186468124389648, -42.505279541015625, 6.0
11.396078109741211, -42.69541549682617, 45.0
12.063785552978516, -42.566646575927734, 388.0
5.991541385650635, -42.276519775390625, 20.33333396911621
6.810576438903809, -42.2808837890625, 12.0
7.753589630126953, -42.20410919189453, 12.199999809265137
8.137118339538574, -42.18380355834961, 23.0
10.79629135131836, -41.946319580078125, 14.0
11.371774673461914, -41.87948989868164, 15.0
12.120640754699707, -41.79557418823242, 13.166666984558105
12.981704711914062, -41.69925308227539, 9.166666984558105
14.043130874633789, -41.639198303222656, 11.399999618530273
14.911639213562012, -41.505348205566406, 12.199999809265137
16.300615310668945, -41.45577621459961, 9.0
16.750999450683594, -41.30608367919922, 14.0
17.10343360900879, -41.25124740600586, 20.0
29.540019989013672, -40.34523010253906, 8.5
29.832502365112305, -40.22294998168945, 11.333333015441895
32.01622772216797, -40.13473129272461, 12.25
32.76957321166992, -40.02299499511719, 9.600000381469727
33.77640914916992, -39.965972900390625, 9.0
34.47372055053711, -39.816532135009766, 9.666666984558105
35.33268356323242, -39.802730560302734, 10.0
36.331573486328125, -39.70842742919922, 8.25
36.738739013671875, -39.548667907714844, 9.5
0.22160795331001282, -38.24321746826172, 48.0
1.547168254852295, -37.8648796081543, 29.5
2.136695146560669, -37.880126953125, 31.200000762939453
-12.390260696411133, -22.205137252807617, 7.0
1.61451256275177, -21.26380157470703, 13.333333015441895
1.891974687576294, -21.21076011657715, 21.0
3.302596092224121, -20.569061279296875, 42.0
6.291411876678467, -19.88118553161621, 14.0
6.4138970375061035, -19.8441104888916, 26.0
4.21631383895874, -16.519737243652344, 153.5
7.892468452453613, -14.438895225524902, 114.5
8.52667236328125, -14.433087348937988, 144.0
13.863710403442383, -14.52393913269043, 205.1999969482422
14.674797058105469, -14.67859172821045, 5.0
3.4130961894989014, -13.779203414916992, 120.0
5.898544788360596, -13.64132308959961, 224.9166717529297
6.806004047393799, -13.663895606994629, 123.46428680419922
7.607906818389893, -13.766239166259766, 251.76744079589844
8.237419128417969, -13.912904739379883, 124.14286041259766
9.297646522521973, -14.11447811126709, 196.7142791748047
13.809366226196289, -13.873316764831543, 85.4117660522461
19.735944747924805, -13.542950630187988, 59.5
6.059579849243164, -13.252457618713379, 202.72727966308594
6.7343220710754395, -13.254640579223633, 127.95237731933594
7.666633605957031, -13.215275764465332, 114.42857360839844
8.578453063964844, -13.144681930541992, 120.61817932128906
9.4959135055542, -12.806718826293945, 168.0196075439453
9.9773588180542, -12.624794960021973, 31.0
14.078058242797852, -13.34106159210205, 19.086956024169922
14.782934188842773, -13.129721641540527, 13.15384578704834
15.777679443359375, -12.924586296081543, 11.407407760620117
16.586214065551758, -12.781414985656738, 21.294116973876953
17.56220245361328, -12.6704683303833, 14.300000190734863
19.773401260375977, -13.217238426208496, 152.1666717529297
19.85361099243164, -12.955544471740723, 90.78947448730469
9.827444076538086, -12.590615272521973, 207.0
9.955354690551758, -12.568598747253418, 127.0
17.82723617553711, -12.530412673950195, 10.600000381469727
18.046598434448242, -12.54495620727539, 10.5
20.051326751708984, -12.187637329101562, 95.2249984741211
21.235599517822266, -12.006461143493652, 36.66666793823242
21.755088806152344, -11.888788223266602, 29.75
23.100929260253906, -12.256654739379883, 15.25
2.2195513248443604, -10.811427116394043, 1299.0
-1.9029408693313599, -10.593351364135742, 5.0
2.3366811275482178, -10.653300285339355, 506.57501220703125
3.8269500732421875, -9.950387954711914, 113.14286041259766
3.941760540008545, -9.867524147033691, 11.0
12.721973419189453, -9.70816421508789, 25.22222137451172
15.864446640014648, -9.381670951843262, 25.0
16.758214950561523, -9.226479530334473, 17.0
17.9263916015625, -9.085474014282227, 16.5
19.135953903198242, -8.918807983398438, 10.0
21.21525764465332, -8.797561645507812, 7.0
-6.5187273025512695, -7.999962329864502, 13.0
4.9310383796691895, -1.3166804313659668, 74.5
5.200786590576172, 2.4004499912261963, 87.75
37.504364013671875, 9.7161283493042, 361.1111145019531
37.42022705078125, 10.101739883422852, 39.0
43.06570816040039, 12.18676471710205, 5.0
41.94678497314453, 13.13129997253418, 8.0
41.57373046875, 15.179879188537598, 6.0
42.387413024902344, 14.857240676879883, 6.0
40.785675048828125, 15.448530197143555, 10.0
39.9664421081543, 16.845285415649414, 7.0
39.79204559326172, 17.363489151000977, 5.0
1.3212976455688477, 18.69512939453125, 56.25
39.907188415527344, 18.786937713623047, 9.0
38.351219177246094, 21.109182357788086, 22.66666603088379
36.61031723022461, 23.81856346130371, 16.33333396911621
34.57899475097656, 24.335464477539062, 11.0
33.404388427734375, 26.381738662719727, 7.0
34.65090560913086, 26.702346801757812, 14.333333015441895
33.060997009277344, 29.234886169433594, 10.0
31.22824478149414, 31.848190307617188, 9.0
31.532041549682617, 31.5537166595459, 6.0
27.2377872467041, 34.87714385986328, 6.0
26.72553825378418, 35.57728576660156, 5.5
26.334733963012695, 36.407833099365234, 8.0
27.893299102783203, 37.13133239746094, 11.0
24.902875900268555, 38.24947738647461, 9.0
23.740581512451172, 40.13383483886719, 6.0
24.550172805786133, 39.847412109375, 7.0
26.123611450195312, 39.625728607177734, 11.0
24.143890380859375, 42.00259017944336, 10.0
24.433914184570312, 41.95712661743164, 6.0
21.191436767578125, 45.484500885009766, 8.0
22.335556030273438, 45.082305908203125, 15.0
20.261470794677734, 47.51762008666992, 10.666666984558105
-14.757494926452637, -43.70906448364258, 5.333333492279053
-14.169042587280273, -43.729888916015625, 6.0
-12.071003913879395, -43.549041748046875, 9.666666984558105
-11.335620880126953, -43.476627349853516, 8.0
-10.467702865600586, -43.40529251098633, 9.5
-9.48493480682373, -43.39914321899414, 6.333333492279053
3.4517264366149902, -13.7677583694458, 175.0
6.255474090576172, -13.011771202087402, 131.0
15.898411750793457, -13.053411483764648, 10.0
19.849212646484375, -13.005366325378418, 143.0
20.14166831970215, -12.15841293334961, 117.33333587646484
21.105445861816406, -12.044937133789062, 57.5
-10.753706932067871, -11.299817085266113, 13.0
40.029212951660156, 18.762447357177734, 8.5
38.42209243774414, 21.126935958862305, 20.0
36.721038818359375, 23.868410110473633, 16.0
34.65010070800781, 26.67828369140625, 25.0
33.1000862121582, 29.244417190551758, 13.0
31.340761184692383, 31.897056579589844, 11.0
29.514467239379883, 34.61445236206055, 10.0
27.938962936401367, 37.160675048828125, 11.0
26.184234619140625, 39.67765808105469, 9.0
