Timestamp fo ptCloud: 1712591249.763644
x:                         y:
-0.5416633486747742, -42.72221755981445, 12.0
0.6362199783325195, -42.60219955444336, 9.0
1.2888363599777222, -42.561275482177734, 9.666666984558105
2.0705981254577637, -42.500240325927734, 17.0
4.154954433441162, -42.36237716674805, 11.0
5.981968402862549, -42.22852325439453, 17.33333396911621
7.569614410400391, -42.1876220703125, 10.5
11.551310539245605, -41.80717468261719, 14.0
11.814149856567383, -41.75860595703125, 13.0
14.013531684875488, -41.6170654296875, 16.0
14.812670707702637, -41.45124435424805, 9.333333015441895
16.664731979370117, -41.35176086425781, 14.0
0.22029684484004974, -38.44105529785156, 9.0
1.6162174940109253, -37.96430206298828, 29.0
2.200967788696289, -37.98028564453125, 31.0
-6.88178014755249, -33.45219802856445, 6.0
-1.212477207183838, -28.130435943603516, 5.0
-2.1738927364349365, -27.15271759033203, 7.0
-5.156759262084961, -24.34353256225586, 8.0
-1.2997701168060303, -21.00065040588379, 30.200000762939453
1.6032668352127075, -20.93482780456543, 31.625
2.3371565341949463, -20.77564811706543, 29.636363983154297
-3.0955617427825928, -20.095518112182617, 10.666666984558105
2.6811869144439697, -20.69464874267578, 23.33333396911621
3.214573860168457, -20.53377914428711, 55.69230651855469
3.685539484024048, -20.53978729248047, 32.0
6.021613597869873, -20.04534339904785, 23.55555534362793
6.500178813934326, -19.863866806030273, 20.16666603088379
-3.9787425994873047, -19.035005569458008, 12.0
-3.5201494693756104, -19.628061294555664, 13.0
-4.717467308044434, -18.160991668701172, 15.25
-4.226402282714844, -18.472421646118164, 13.25
-5.046222686767578, -17.63507652282715, 12.5
-9.669670104980469, -16.587448120117188, 7.0
2.9655826091766357, -16.256332397460938, 98.4000015258789
4.31997013092041, -16.398197174072266, 129.0
0.6649603247642517, -15.48655891418457, 111.57142639160156
6.65023946762085, -15.57010269165039, 30.16666603088379
-3.7315778732299805, -14.490958213806152, 30.66666603088379
1.3239415884017944, -14.979853630065918, 102.23332977294922
8.192098617553711, -14.469959259033203, 49.0
13.75304889678955, -14.449042320251465, 7.0
14.628448486328125, -14.781399726867676, 12.714285850524902
-8.402876853942871, -14.13211727142334, 8.25
-4.601489067077637, -13.765552520751953, 24.0
-4.186094284057617, -14.09484577178955, 25.22222137451172
2.2649648189544678, -14.327362060546875, 121.28571319580078
3.449709415435791, -13.728123664855957, 153.85714721679688
3.6336588859558105, -13.786376953125, 100.5
5.852539539337158, -13.5526123046875, 14.0
6.866512298583984, -13.644065856933594, 74.22222137451172
7.652087688446045, -14.03039264678955, 85.61111450195312
8.328850746154785, -14.106162071228027, 366.0
9.458629608154297, -14.26571273803711, 84.11111450195312
13.815991401672363, -13.872599601745605, 16.299999237060547
17.8884220123291, -14.123417854309082, 20.0
21.432703018188477, -13.878600120544434, 20.33333396911621
21.74873924255371, -13.776062965393066, 12.0
23.111196517944336, -13.70691967010498, 21.25
-4.931180477142334, -13.25049877166748, 13.666666984558105
6.047266483306885, -13.01112174987793, 149.13333129882812
6.894771099090576, -13.259583473205566, 184.875
7.658756732940674, -13.159425735473633, 162.03334045410156
8.495254516601562, -13.09978199005127, 130.2857208251953
9.631582260131836, -12.834792137145996, 112.46154022216797
10.357755661010742, -13.071383476257324, 51.0
14.07994270324707, -13.35067081451416, 20.64285659790039
14.759127616882324, -13.143843650817871, 21.75
15.746539115905762, -12.928051948547363, 18.899999618530273
16.56708335876465, -12.823535919189453, 22.0
17.506025314331055, -12.759791374206543, 21.615385055541992
18.761577606201172, -12.71419906616211, 17.0
18.914470672607422, -12.729750633239746, 24.0
23.08802604675293, -13.287352561950684, 35.16666793823242
23.4128475189209, -12.871578216552734, 21.0
-7.1065874099731445, -11.762308120727539, 9.5
8.56292724609375, -12.371438980102539, 43.86666488647461
9.090069770812988, -12.538601875305176, 69.75
17.850196838378906, -12.540682792663574, 16.75
18.143489837646484, -12.21704387664795, 14.25
19.376911163330078, -12.530983924865723, 23.75
20.237733840942383, -12.307337760925293, 21.5
21.384565353393555, -12.157617568969727, 16.399999618530273
21.761268615722656, -11.910666465759277, 19.600000381469727
23.355405807495117, -12.431724548339844, 27.33333396911621
23.44001007080078, -12.43107795715332, 23.0
-7.409152984619141, -11.531557083129883, 7.285714149475098
2.255790948867798, -10.653278350830078, 339.5
2.9554543495178223, -10.057405471801758, 376.4666748046875
3.8722305297851562, -10.162176132202148, 168.0625
-6.4011664390563965, -9.575732231140137, 5.0
-6.108177185058594, -9.77391529083252, 7.400000095367432
12.693115234375, -9.588616371154785, 66.0
14.292654037475586, -9.630105972290039, 112.19999694824219
13.466272354125977, -8.533941268920898, 176.5
13.525873184204102, -8.504764556884766, 73.5
12.49224853515625, -7.997342109680176, 141.1999969482422
19.082956314086914, -4.665635585784912, 22.0
19.362001419067383, -3.923555850982666, 18.0
19.195222854614258, -3.15964937210083, 15.125
19.287673950195312, -2.2484920024871826, 13.166666984558105
4.865654945373535, -1.321609377861023, 120.9888916015625
5.666374683380127, -1.2726022005081177, 198.95713806152344
19.190399169921875, -1.4846709966659546, 17.16666603088379
19.010583877563477, -0.4183359444141388, 24.125
15.758244514465332, 0.5247761607170105, 42.88888931274414
18.774316787719727, 0.41351571679115295, 18.5
-0.1793811023235321, 1.618047833442688, 10.214285850524902
18.808364868164062, 1.3198599815368652, 20.875
4.2795281410217285, 2.2947025299072266, 88.10843658447266
5.038447380065918, 2.307025909423828, 193.68115234375
18.64996910095215, 2.1988093852996826, 27.66666603088379
49.76422119140625, 2.28568172454834, 8.0
8.270256996154785, 2.9153852462768555, 240.75
18.703392028808594, 3.177145481109619, 17.125
49.815738677978516, 2.9017021656036377, 13.5
18.577150344848633, 4.0438432693481445, 13.714285850524902
18.372560501098633, 4.772573471069336, 14.166666984558105
21.959976196289062, 4.730657577514648, 16.5
18.36424446105957, 5.869636058807373, 15.625
48.65249252319336, 6.298167705535889, 9.0
17.678375244140625, 6.398111343383789, 61.0
18.449996948242188, 6.850483417510986, 20.25
22.941892623901367, 6.81827449798584, 15.0
48.510047912597656, 6.734160423278809, 12.0
18.21493911743164, 7.600807189941406, 15.75
17.978620529174805, 8.764238357543945, 10.0
37.050418853759766, 8.309718132019043, 25.0
45.04030990600586, 8.95351505279541, 9.0
23.379695892333984, 9.188760757446289, 33.0
44.93182373046875, 9.36252212524414, 6.5
45.64156723022461, 9.350794792175293, 12.0
44.06349182128906, 10.74488639831543, 8.0
44.27425003051758, 10.36540412902832, 9.0
19.284629821777344, 11.563547134399414, 46.0
43.53254318237305, 11.4623384475708, 9.333333015441895
42.93245315551758, 12.210851669311523, 11.600000381469727
42.2060432434082, 13.358607292175293, 9.0
42.55329513549805, 12.828105926513672, 8.0
17.6909122467041, 14.084273338317871, 20.5
22.543739318847656, 14.08850383758545, 25.5
41.890846252441406, 14.05399227142334, 8.25
41.152610778808594, 15.003755569458008, 10.5
15.665266990661621, 15.86449146270752, 49.5
40.36615753173828, 16.03246307373047, 6.333333492279053
40.70477294921875, 15.500382423400879, 7.666666507720947
40.14154052734375, 16.621566772460938, 6.0
11.882533073425293, 17.547910690307617, 48.0
39.82787322998047, 17.35722541809082, 14.0
-7.129451274871826, 18.472562789916992, 9.5
1.339078426361084, 18.700550079345703, 49.06666564941406
17.82434844970703, 18.499855041503906, 23.5
38.59831237792969, 18.832988739013672, 6.0
38.84834289550781, 18.660741806030273, 9.0
-10.862393379211426, 18.908971786499023, 13.0
38.31963348388672, 19.282756805419922, 8.0
-6.5571417808532715, 20.234872817993164, 8.666666984558105
-6.269370079040527, 20.407123565673828, 8.5
9.16253662109375, 20.510452270507812, 31.75
14.339292526245117, 20.38177490234375, 59.0
15.217272758483887, 20.539527893066406, 10.0
12.522625923156738, 21.510971069335938, 14.0
13.156774520874023, 21.300506591796875, 8.75
13.766082763671875, 21.087488174438477, 6.666666507720947
37.67970657348633, 21.339359283447266, 9.0
38.08407211303711, 21.05171012878418, 11.333333015441895
-7.620791912078857, 22.161087036132812, 28.0
11.404412269592285, 22.34214210510254, 9.0
12.082283020019531, 22.140451431274414, 13.0
12.897895812988281, 21.845075607299805, 18.5
36.181434631347656, 22.283401489257812, 11.0
37.11539077758789, 21.77825164794922, 11.5
9.777233123779297, 23.233001708984375, 9.0
35.67977523803711, 23.050678253173828, 7.0
6.756943225860596, 24.06172752380371, 33.66666793823242
34.93242645263672, 24.2767276763916, 10.0
35.31017303466797, 23.5874080657959, 13.0
33.984954833984375, 25.19867515563965, 11.0
34.88572311401367, 24.88045310974121, 7.666666507720947
33.60356521606445, 25.669557571411133, 7.0
-8.326455116271973, 26.491140365600586, 19.66666603088379
9.483203887939453, 26.481876373291016, 15.0
32.896812438964844, 26.822952270507812, 11.5
34.50971984863281, 26.578083038330078, 12.0
4.958555698394775, 27.551912307739258, 54.0
32.32038497924805, 27.85685920715332, 13.0
32.64240264892578, 27.455469131469727, 9.75
32.201988220214844, 28.28444480895996, 7.5
32.463199615478516, 27.996196746826172, 7.0
8.229216575622559, 28.997671127319336, 14.0
31.473739624023438, 29.59238624572754, 9.0
32.03562545776367, 29.168437957763672, 14.0
32.69553756713867, 28.886995315551758, 13.0
30.465757369995117, 30.263742446899414, 7.0
31.070707321166992, 29.994905471801758, 10.5
-9.504656791687012, 30.698009490966797, 17.0
4.054381370544434, 31.26055335998535, 7.0
30.368003845214844, 30.915164947509766, 9.5
7.715827465057373, 31.58936309814453, 16.0
29.552284240722656, 32.19886016845703, 11.0
29.96489715576172, 31.84529685974121, 10.333333015441895
29.152263641357422, 32.75812530517578, 14.0
29.79815673828125, 33.258148193359375, 10.0
28.34456443786621, 33.673561096191406, 13.0
29.337644577026367, 33.702239990234375, 7.0
-10.142834663391113, 34.241050720214844, 8.0
3.888889789581299, 34.98345947265625, 15.0
27.51890754699707, 34.73139953613281, 11.333333015441895
28.403099060058594, 34.44272994995117, 8.333333015441895
26.80841064453125, 35.76193618774414, 12.0
27.103775024414062, 35.16448974609375, 14.0
26.08211898803711, 36.546058654785156, 10.0
26.417160034179688, 36.21897888183594, 11.0
25.128828048706055, 37.59828567504883, 15.0
25.613691329956055, 37.07997131347656, 12.5
24.74633026123047, 38.22939682006836, 11.399999618530273
26.47780418395996, 38.05685043334961, 9.0
24.090412139892578, 39.35620880126953, 12.5
24.352325439453125, 39.22943878173828, 11.0
1.4964936971664429, 40.18681335449219, 19.0
23.7910213470459, 40.0357551574707, 7.666666507720947
23.33755111694336, 41.157447814941406, 6.0
23.049097061157227, 42.142513275146484, 14.5
23.679821014404297, 41.76127624511719, 11.5
22.419424057006836, 42.52801513671875, 10.0
22.665325164794922, 42.3623161315918, 11.0
-0.25018712878227234, 43.666927337646484, 7.0
21.920286178588867, 44.8657341003418, 10.333333015441895
20.574552536010742, 45.6075325012207, 6.0
21.095163345336914, 45.27095031738281, 10.333333015441895
22.849567413330078, 45.34823226928711, 7.0
20.266931533813477, 46.43764114379883, 8.0
19.52130126953125, 47.48634719848633, 11.0
20.084148406982422, 46.800048828125, 6.0
19.132997512817383, 48.216400146484375, 6.0
17.910524368286133, 49.042388916015625, 10.0
18.392547607421875, 48.957942962646484, 11.0
-13.840948104858398, -43.69860076904297, 10.0
-12.9186429977417, -43.56913375854492, 6.666666507720947
-12.097352981567383, -43.5438232421875, 7.199999809265137
-11.175419807434082, -43.48947525024414, 7.666666507720947
-10.291773796081543, -43.37852096557617, 7.400000095367432
-9.444269180297852, -43.332454681396484, 9.0
-8.677797317504883, -43.32197952270508, 9.75
-7.679794788360596, -43.22938919067383, 9.5
6.052366733551025, -43.54254913330078, 20.0
6.84908390045166, -43.399559020996094, 13.0
-7.392183780670166, -43.09615707397461, 11.333333015441895
-6.623053073883057, -43.13233947753906, 11.0
-5.847112655639648, -43.05547332763672, 10.88888931274414
-4.899524688720703, -42.97940444946289, 12.875
-4.068700313568115, -42.94969177246094, 13.5
-3.1631088256835938, -42.88978958129883, 13.777777671813965
-2.2360384464263916, -42.844356536865234, 12.666666984558105
-1.3125250339508057, -42.78938293457031, 15.88888931274414
-0.523949921131134, -42.75119400024414, 13.88888931274414
0.4694679081439972, -42.688087463378906, 11.55555534362793
1.3077523708343506, -42.60396194458008, 10.857142448425293
3.1349260807037354, -42.48569107055664, 11.571428298950195
4.138453006744385, -42.41323471069336, 12.285714149475098
4.959630966186523, -42.34885025024414, 15.666666984558105
5.466366291046143, -42.302120208740234, 18.0
11.392474174499512, -42.68189239501953, 39.5
11.940780639648438, -42.6298828125, 549.5
6.005777359008789, -42.27278518676758, 14.166666984558105
6.805746078491211, -42.25102615356445, 13.75
7.533474922180176, -42.21858596801758, 11.5
8.130867004394531, -42.151405334472656, 7.0
11.282731056213379, -41.9163932800293, 13.833333015441895
12.127236366271973, -41.8181266784668, 13.833333015441895
12.88961410522461, -41.77143096923828, 11.0
13.971269607543945, -41.669776916503906, 12.714285850524902
14.862961769104004, -41.53873825073242, 13.166666984558105
16.565576553344727, -41.423553466796875, 14.0
16.911474227905273, -41.31856918334961, 13.333333015441895
17.11454200744629, -41.27803421020508, 11.0
29.603452682495117, -40.43025207519531, 9.333333015441895
29.821460723876953, -40.2389030456543, 14.0
31.909915924072266, -40.12761688232422, 12.75
32.81876754760742, -39.9886589050293, 11.166666984558105
33.738563537597656, -39.978031158447266, 8.5
34.5800666809082, -39.83821487426758, 8.333333015441895
35.531864166259766, -39.80315399169922, 10.25
36.242530822753906, -39.68536376953125, 9.0
36.653236389160156, -39.42899703979492, 8.0
0.22167712450027466, -38.25521469116211, 42.0
1.6285432577133179, -37.893760681152344, 42.0
2.2083892822265625, -37.88180923461914, 34.83333206176758
1.500166893005371, -37.75872039794922, 19.5
1.9912465810775757, -37.74913787841797, 22.0
-12.430699348449707, -22.277616500854492, 8.0
1.575046181678772, -21.3525390625, 11.5
1.924635887145996, -21.304595947265625, 19.33333396911621
3.299386501312256, -20.548812866210938, 39.0
6.295031547546387, -19.892627716064453, 20.0
6.416357040405273, -19.85172462463379, 27.0
4.2078857421875, -16.487831115722656, 193.25
6.909244060516357, -15.858266830444336, 51.0
7.906233310699463, -14.464111328125, 119.25
8.356060981750488, -14.444645881652832, 191.0
13.808886528015137, -14.467389106750488, 215.39999389648438
3.4181456565856934, -13.799888610839844, 115.30000305175781
5.8955979347229, -13.634821891784668, 196.8235321044922
6.774374485015869, -13.660016059875488, 111.29032135009766
7.598283767700195, -13.748642921447754, 244.41860961914062
8.268033981323242, -13.718862533569336, 83.0999984741211
9.360644340515137, -14.197281837463379, 183.39999389648438
13.779873847961426, -13.874200820922852, 69.66666412353516
19.718358993530273, -13.53088665008545, 54.0
6.040279865264893, -13.224202156066895, 216.42105102539062
6.726691246032715, -13.234461784362793, 128.8000030517578
7.667109489440918, -13.216156959533691, 115.67857360839844
8.596494674682617, -13.157744407653809, 115.41509246826172
9.492382049560547, -12.892760276794434, 158.05555725097656
9.943814277648926, -12.72708511352539, 96.77777862548828
14.058636665344238, -13.344950675964355, 20.799999237060547
14.859169960021973, -13.113876342773438, 12.230769157409668
15.815914154052734, -12.94044303894043, 11.620689392089844
16.596240997314453, -12.79912281036377, 21.53333282470703
17.467815399169922, -12.707883834838867, 15.6875
19.77069091796875, -13.234272003173828, 141.0
19.842382431030273, -12.953474044799805, 96.0999984741211
17.664941787719727, -12.580639839172363, 10.833333015441895
18.03470230102539, -12.545173645019531, 8.0
20.055755615234375, -12.190311431884766, 96.19999694824219
21.267683029174805, -12.024888038635254, 32.55555725097656
21.72365951538086, -11.871757507324219, 20.25
23.078641891479492, -12.244791984558105, 16.75
2.342041254043579, -10.838152885437012, 696.3333129882812
2.323936939239502, -10.651338577270508, 431.756103515625
2.943511724472046, -10.39391040802002, 15.0
3.826111316680908, -9.951045036315918, 138.53846740722656
3.9741263389587402, -9.853169441223145, 66.5
12.73845100402832, -9.71900463104248, 24.600000381469727
16.76516342163086, -9.297392845153809, 11.0
17.97197723388672, -9.1779203414917, 19.0
19.309911727905273, -8.999897956848145, 14.0
-6.5625715255737305, -8.053583145141602, 18.5
4.922869682312012, -1.2982988357543945, 107.0
5.164229393005371, 2.3836138248443604, 93.0
37.44413375854492, 9.761809349060059, 534.5714111328125
37.40163803100586, 10.105949401855469, 46.0
42.777442932128906, 12.262880325317383, 8.0
42.04172897338867, 13.161067962646484, 8.0
40.34659957885742, 15.832409858703613, 7.0
1.3194129467010498, 18.667192459106445, 59.75
39.87245559692383, 18.875015258789062, 6.0
37.54529571533203, 19.78956413269043, 7.0
38.42072677612305, 21.147424697875977, 22.0
36.67402648925781, 23.860000610351562, 15.0
34.69394302368164, 26.735504150390625, 15.0
33.08648681640625, 29.2596435546875, 6.0
30.45114517211914, 31.57154655456543, 7.0
31.120864868164062, 31.779678344726562, 8.666666984558105
26.69506072998047, 35.06078338623047, 7.0
27.216960906982422, 34.6308708190918, 6.5
28.22349739074707, 34.79936599731445, 5.0
29.215076446533203, 34.500152587890625, 9.0
26.706829071044922, 35.55531311035156, 8.5
27.88759994506836, 37.12373352050781, 9.0
26.178146362304688, 39.70518493652344, 15.666666984558105
22.926706314086914, 42.23192596435547, 5.0
24.17869758605957, 42.079044342041016, 11.666666984558105
22.404865264892578, 42.506553649902344, 8.0
21.036277770996094, 45.515411376953125, 7.5
22.295753479003906, 45.14469528198242, 11.0
20.723678588867188, 45.9453239440918, 13.0
20.426532745361328, 47.60554504394531, 10.0
-13.860084533691406, -43.68765640258789, 7.0
-12.211669921875, -43.537864685058594, 7.5
-11.344447135925293, -43.51049041748047, 7.0
-10.18224811553955, -43.38842010498047, 9.5
-9.616788864135742, -43.36467361450195, 7.5
-8.645370483398438, -43.3692741394043, 7.666666507720947
3.449056625366211, -13.757109642028809, 160.0
6.255041599273682, -13.010871887207031, 110.0
14.901510238647461, -13.020278930664062, 9.0
15.831242561340332, -12.998259544372559, 9.0
17.92209243774414, -12.628158569335938, 7.0
19.793996810913086, -13.405989646911621, 140.0
19.85108184814453, -13.005694389343262, 142.75
20.099456787109375, -12.217707633972168, 114.28571319580078
21.10546112060547, -12.044910430908203, 49.0
42.339508056640625, 14.256633758544922, 9.0
40.00837707519531, 18.752727508544922, 8.0
38.44662094116211, 21.140422821044922, 24.0
36.75708770751953, 23.89183807373047, 20.0
34.6524772644043, 26.680112838745117, 19.0
33.11357498168945, 29.256332397460938, 13.0
29.4515438079834, 34.54065704345703, 14.0
28.04230308532715, 37.29812240600586, 17.0
26.222782135009766, 39.73606872558594, 15.0
