Timestamp fo ptCloud: 1712591253.9639978
x:                         y:
-4.1089887619018555, -10.587301254272461, 21.0
-4.642590522766113, -42.52166748046875, 6.0
-4.255029201507568, -42.599971771240234, 10.0
-2.6807780265808105, -42.65632247924805, 13.0
12.559540748596191, -42.58742904663086, 6.0
-7.878409385681152, -20.732284545898438, 27.0
-5.434024810791016, -21.021343231201172, 7.0
-5.158337116241455, -21.028932571411133, 18.25
-2.990206718444824, -20.820568084716797, 75.0
-2.238262176513672, -21.217666625976562, 18.0
-1.9501607418060303, -20.305950164794922, 106.19999694824219
-1.3871276378631592, -20.46026611328125, 173.7058868408203
-0.6282498836517334, -20.464073181152344, 22.75
-2.2145121097564697, -16.77276611328125, 126.41666412353516
0.8788762092590332, -16.46324920654297, 49.5
-5.841912746429443, -15.554961204528809, 20.33333396911621
-4.7130537033081055, -15.387872695922852, 79.19999694824219
-2.056260824203491, -15.771759033203125, 141.6666717529297
-1.6737388372421265, -15.689188957214355, 102.0
0.8536320924758911, -15.92068099975586, 132.5
0.9437898397445679, -15.9171142578125, 138.0
7.38231897354126, -15.33259391784668, 11.0
11.447224617004395, -15.57829761505127, 29.0
15.216529846191406, -15.528471946716309, 18.33333396911621
16.881799697875977, -15.443288803100586, 28.428571701049805
-4.013672828674316, -14.57115364074707, 78.71428680419922
-3.366593599319458, -14.471549034118652, 32.0
1.3878732919692993, -15.023104667663574, 60.70000076293945
1.974048137664795, -15.096742630004883, 142.25
7.665450096130371, -14.594673156738281, 27.647058486938477
12.539406776428223, -14.961936950683594, 19.0
15.141207695007324, -14.588753700256348, 19.33333396911621
15.318059921264648, -14.468729972839355, 9.0
16.855270385742188, -14.83776569366455, 41.0
17.136938095092773, -14.536887168884277, 38.66666793823242
-3.364046573638916, -13.96282958984375, 81.0
-0.4198228120803833, -13.732603073120117, 114.625
0.5207263231277466, -13.979205131530762, 220.2857208251953
1.3720701932907104, -13.96323299407959, 149.2142791748047
2.036088228225708, -13.874152183532715, 177.625
3.5330772399902344, -13.739029884338379, 194.5454559326172
3.8680007457733154, -13.732582092285156, 101.42105102539062
7.996013641357422, -14.393369674682617, 63.5
8.354303359985352, -14.347826957702637, 38.105262756347656
9.523111343383789, -14.239594459533691, 30.16666603088379
10.218413352966309, -14.14759349822998, 24.846153259277344
11.284639358520508, -14.035467147827148, 29.375
11.786479949951172, -13.985021591186523, 26.5
13.071504592895508, -14.280939102172852, 15.857142448425293
13.741107940673828, -14.232545852661133, 11.0
15.50063419342041, -13.636276245117188, 28.85714340209961
17.211692810058594, -14.302876472473145, 46.66666793823242
-0.1798705905675888, -13.046552658081055, 82.17646789550781
0.11407057195901871, -13.175972938537598, 57.85714340209961
1.299012303352356, -13.434470176696777, 217.14285278320312
2.119659900665283, -12.965978622436523, 16.75
5.6092209815979, -11.725607872009277, 43.0
6.7597880363464355, -12.374016761779785, 130.0
-6.853703498840332, -11.323102951049805, 6.0
-3.742521047592163, -10.88034725189209, 110.46666717529297
-3.2997331619262695, -11.048321723937988, 100.2727279663086
8.379798889160156, -10.955209732055664, 133.8000030517578
-3.9126811027526855, -10.700481414794922, 40.94444274902344
-3.076694965362549, -10.372787475585938, 258.3157958984375
5.041862487792969, -10.21729850769043, 183.22222900390625
6.757848262786865, -10.606287002563477, 86.85713958740234
8.360496520996094, -10.762797355651855, 90.0
6.6827239990234375, -9.032191276550293, 201.1999969482422
-0.33670198917388916, -1.7097426652908325, 68.55986022949219
0.42240580916404724, -1.7076029777526855, 52.739131927490234
10.2516508102417, -0.7414408326148987, 103.4000015258789
13.849638938903809, 0.4854050278663635, 70.5
-0.5126399397850037, 1.7764339447021484, 55.09016418457031
-0.3888354003429413, 2.0861332416534424, 26.613094329833984
0.35746291279792786, 1.9475102424621582, 60.75384521484375
10.180573463439941, 3.0461549758911133, 156.5500030517578
17.074867248535156, 2.9091317653656006, 45.33333206176758
13.079509735107422, 4.9812235832214355, 84.07691955566406
32.38004684448242, 5.356196403503418, 15.0
32.43900680541992, 5.161559104919434, 19.0
40.863014221191406, 5.220689296722412, 7.0
40.44841766357422, 6.053323745727539, 16.0
40.81332015991211, 5.46913480758667, 14.0
39.962642669677734, 7.11423921585083, 23.0
-4.911773681640625, 7.901280879974365, 9.666666984558105
14.895302772521973, 7.483634948730469, 130.0
18.86975860595703, 7.248443603515625, 26.0
39.867061614990234, 7.349965572357178, 17.0
-5.664107322692871, 8.91506576538086, 5.0
38.758155822753906, 8.632328033447266, 13.0
-5.516847610473633, 9.109642028808594, 8.25
-5.349838733673096, 9.21143913269043, 13.0
37.942989349365234, 9.681941986083984, 14.0
-6.560489177703857, 10.581730842590332, 6.666666507720947
15.013381958007812, 9.96601676940918, 55.599998474121094
18.961021423339844, 10.262524604797363, 30.66666603088379
37.295631408691406, 10.633556365966797, 14.5
37.91793441772461, 10.422514915466309, 9.0
36.780845642089844, 11.470417022705078, 13.0
37.29096984863281, 11.178581237792969, 12.25
13.70335578918457, 12.566823959350586, 51.5
13.627435684204102, 12.652207374572754, 54.5
36.07421112060547, 12.72568130493164, 19.0
11.744357109069824, 14.48210620880127, 112.0
34.918182373046875, 15.038082122802734, 23.0
-4.147225379943848, 15.736111640930176, 9.0
-3.8883001804351807, 16.3836669921875, 20.428571701049805
8.20063591003418, 16.549713134765625, 96.0
14.059141159057617, 16.80108642578125, 21.5
34.227996826171875, 16.37712287902832, 5.0
-2.29491925239563, 18.459871292114258, 108.625
33.46495819091797, 18.750680923461914, 10.5
5.592105865478516, 19.62237548828125, 62.0
10.862327575683594, 19.15212631225586, 17.0
32.18480682373047, 19.63758087158203, 13.0
8.08181381225586, 22.11362648010254, 36.5
30.571292877197266, 22.323688507080078, 20.0
6.420928478240967, 25.564714431762695, 26.0
29.08026885986328, 26.600996017456055, 18.0
2.010671615600586, 27.016740798950195, 45.0
27.849000930786133, 27.76400375366211, 7.0
28.807884216308594, 27.008756637573242, 9.0
5.253396511077881, 28.100088119506836, 25.0
6.4133501052856445, 28.456754684448242, 7.0
27.455251693725586, 28.398544311523438, 14.333333015441895
27.37055206298828, 29.374168395996094, 13.333333015441895
27.197660446166992, 30.287004470825195, 6.0
26.52537727355957, 31.03816795349121, 14.0
25.79199981689453, 31.99212074279785, 8.0
24.832944869995117, 32.74466323852539, 10.5
24.434953689575195, 33.69804763793945, 13.0
1.5277897119522095, 34.523006439208984, 21.0
22.819570541381836, 35.91501235961914, 10.0
23.78582000732422, 35.71635437011719, 19.75
22.78226089477539, 36.34669876098633, 17.0
22.296302795410156, 37.590171813964844, 15.0
22.760149002075195, 37.32142639160156, 9.0
22.027027130126953, 37.92742156982422, 10.5
21.231277465820312, 39.28464889526367, 10.0
-0.43244341015815735, 39.969730377197266, 17.0
20.531673431396484, 40.02061080932617, 17.0
20.797147750854492, 39.932708740234375, 24.0
19.653217315673828, 43.07666015625, 17.5
20.325334548950195, 42.79848861694336, 10.0
20.910213470458984, 42.67050552368164, 11.0
18.824630737304688, 43.72281265258789, 12.0
19.130199432373047, 43.330474853515625, 15.0
18.1529483795166, 45.182559967041016, 11.0
16.882234573364258, 46.942626953125, 11.0
16.307687759399414, 48.105716705322266, 13.0
-11.27801513671875, -42.582122802734375, 13.666666984558105
-4.777171611785889, -42.56854248046875, 14.333333015441895
-3.99163556098938, -42.63139724731445, 15.0
-3.2069854736328125, -42.69936752319336, 13.333333015441895
-2.287433624267578, -42.71057891845703, 12.25
4.141107082366943, -42.67789840698242, 16.0
10.62309455871582, -42.685791015625, 18.0
12.440532684326172, -42.655738830566406, 16.0
13.13244342803955, -42.586700439453125, 11.666666984558105
14.005719184875488, -42.617149353027344, 9.5
14.869012832641602, -42.585540771484375, 10.5
15.620708465576172, -42.62813949584961, 12.5
16.66046142578125, -42.61012649536133, 15.0
17.567556381225586, -42.60136413574219, 13.666666984558105
18.474843978881836, -42.56266403198242, 14.333333015441895
19.38291358947754, -42.4963264465332, 15.666666984558105
-5.1966872215271, -21.166160583496094, 7.0
-2.2207446098327637, -16.78232192993164, 91.80000305175781
7.357449054718018, -15.508672714233398, 73.0
16.927404403686523, -15.596037864685059, 22.0
7.660454750061035, -14.603510856628418, 55.14285659790039
17.097013473510742, -14.445967674255371, 49.0
-0.27993279695510864, -13.803359031677246, 155.2142791748047
0.4689525365829468, -13.985109329223633, 147.42857360839844
1.3772428035736084, -14.001005172729492, 157.4736785888672
2.135709524154663, -13.986886978149414, 161.7857208251953
3.533681869506836, -13.685587882995605, 169.75
3.720431089401245, -13.548163414001465, 124.5
8.044143676757812, -14.377144813537598, 47.5
8.468268394470215, -14.341680526733398, 26.230770111083984
9.462809562683105, -14.219221115112305, 26.14285659790039
10.297462463378906, -14.117950439453125, 24.85714340209961
11.128589630126953, -14.058858871459961, 27.88888931274414
12.061599731445312, -14.041561126708984, 22.33333396911621
12.992992401123047, -14.131614685058594, 29.83333396911621
13.897196769714355, -13.954832077026367, 36.42856979370117
14.83098030090332, -13.876383781433105, 31.75
15.590677261352539, -13.672971725463867, 36.0
17.163555145263672, -14.233587265014648, 35.5
-3.749277353286743, -10.871525764465332, 573.5714111328125
-3.544065237045288, -11.011921882629395, 1342.75
-3.683384418487549, -10.770732879638672, 1091.0
-3.027743101119995, -10.367664337158203, 50.33333206176758
6.734831809997559, -10.761658668518066, 90.5
48.73307418823242, -7.929948329925537, 6.0
47.578033447265625, -6.696979522705078, 10.0
46.409515380859375, -4.653963565826416, 5.0
46.8419303894043, -5.2787370681762695, 6.0
45.79447555541992, -2.8946752548217773, 5.0
-0.29938334226608276, -1.8067564964294434, 23.5
0.35307982563972473, -1.8693952560424805, 22.33333396911621
45.68832778930664, -2.325958013534546, 8.333333015441895
-0.330983430147171, -1.7210792303085327, 80.39240264892578
0.3533180058002472, -1.7515482902526855, 91.02777862548828
-0.6074774265289307, 1.7917909622192383, 61.599998474121094
-0.5876473188400269, 1.8318661451339722, 40.42856979370117
0.23688560724258423, 1.8515986204147339, 72.22534942626953
32.989662170410156, 6.92694616317749, 21.0
39.838260650634766, 7.347244739532471, 13.0
38.907814025878906, 8.417884826660156, 6.0
37.880531311035156, 9.66857624053955, 6.0
38.09498596191406, 10.098540306091309, 10.0
37.24939727783203, 11.482186317443848, 8.0
36.68606185913086, 12.302695274353027, 9.0
37.24772644042969, 11.984342575073242, 7.5
36.34060287475586, 12.685304641723633, 7.0
35.70000076293945, 14.209916114807129, 7.0
35.628807067871094, 14.435551643371582, 8.0
34.46696472167969, 16.105546951293945, 5.5
34.17928695678711, 16.356529235839844, 9.0
34.6503791809082, 17.90841293334961, 27.0
-2.3265066146850586, 18.416976928710938, 179.0
34.013023376464844, 18.38056182861328, 7.0
32.93971633911133, 19.26338768005371, 7.5
32.36838150024414, 20.150802612304688, 7.0
33.10106658935547, 20.889354705810547, 11.0
31.40121841430664, 23.665119171142578, 10.0
29.054962158203125, 25.300029754638672, 10.0
27.76144790649414, 28.36794090270996, 17.0
27.383403778076172, 29.57249641418457, 8.0
25.69074249267578, 32.003475189208984, 6.333333492279053
26.931884765625, 31.911518096923828, 9.0
24.753198623657227, 32.852840423583984, 9.0
24.077728271484375, 34.08223342895508, 7.0
24.384788513183594, 33.63337326049805, 8.0
22.658849716186523, 36.652469635009766, 7.0
22.363054275512695, 37.7077751159668, 10.0
22.723920822143555, 37.26631546020508, 5.0
21.586776733398438, 38.52322006225586, 8.0
21.888778686523438, 37.962562561035156, 6.5
21.19158935546875, 39.21635818481445, 8.5
20.488195419311523, 39.94200134277344, 7.0
20.4879093170166, 43.146915435791016, 9.0
20.77048110961914, 43.05802536010742, 7.0
19.352577209472656, 43.47809982299805, 8.0
18.587556838989258, 45.462860107421875, 8.0
16.64358139038086, 47.19475173950195, 9.0
