Timestamp fo ptCloud: 1712591249.3637018
x:                         y:
-0.2795357406139374, -42.645198822021484, 10.666666984558105
0.7654091715812683, -42.53776550292969, 10.0
1.28691828250885, -42.51064682006836, 7.0
2.0685157775878906, -42.466304779052734, 11.0
7.5635833740234375, -42.156700134277344, 11.0
11.425394058227539, -41.85295486450195, 16.0
11.819930076599121, -41.7808723449707, 15.0
14.012134552001953, -41.6143684387207, 11.666666984558105
14.68215560913086, -41.48918151855469, 8.5
16.652423858642578, -41.322757720947266, 13.0
0.3387708067893982, -38.52851104736328, 11.0
1.6152828931808472, -37.95132827758789, 24.0
2.2000675201416016, -37.972328186035156, 29.5
-2.2742114067077637, -28.402633666992188, 10.0
-3.1922237873077393, -27.226089477539062, 10.0
-4.276819229125977, -25.55832290649414, 10.0
-5.277027130126953, -24.17754364013672, 7.0
0.4330064654350281, -22.919652938842773, 14.800000190734863
-2.0041279792785645, -21.828136444091797, 18.0
-1.2623131275177002, -21.840930938720703, 8.0
-0.533424973487854, -22.164493560791016, 10.0
-6.531658172607422, -21.521514892578125, 8.0
-2.323988199234009, -21.069747924804688, 11.333333015441895
-1.2708884477615356, -20.972957611083984, 27.11111068725586
1.6047277450561523, -20.95765495300293, 29.875
2.2643561363220215, -20.78795623779297, 26.899999618530273
-2.896604537963867, -20.459701538085938, 14.0
-2.476292610168457, -20.680770874023438, 9.0
2.624629259109497, -20.67428207397461, 17.600000381469727
3.160351037979126, -20.550798416137695, 46.3125
3.684783935546875, -20.536874771118164, 26.0
6.113018035888672, -19.968460083007812, 27.85714340209961
6.5265793800354, -19.85443687438965, 19.0
-4.1518940925598145, -19.079851150512695, 15.0
-4.750047206878662, -18.29007911682129, 9.833333015441895
-4.395600318908691, -18.8048152923584, 12.0
-5.499007225036621, -17.386568069458008, 6.0
-5.323879241943359, -17.77724838256836, 7.5
-9.825826644897461, -16.853910446166992, 6.0
-5.612699508666992, -16.672134399414062, 5.0
2.938775062561035, -16.25013542175293, 87.33333587646484
4.341908931732178, -16.40009307861328, 117.5999984741211
6.562554359436035, -16.433650970458984, 73.0
-3.052337884902954, -15.748089790344238, 29.571428298950195
-2.6979923248291016, -16.088233947753906, 22.0
0.6643322110176086, -15.475290298461914, 105.42857360839844
6.72287130355835, -15.520485877990723, 19.909090042114258
-8.387283325195312, -14.474377632141113, 5.666666507720947
-3.9132728576660156, -14.642014503479004, 29.25
-3.4307847023010254, -15.137283325195312, 30.5
1.3240249156951904, -14.98074722290039, 99.56666564941406
2.0538907051086426, -15.011406898498535, 28.75
8.260674476623535, -14.455489158630371, 48.66666793823242
14.042311668395996, -14.638473510742188, 7.666666507720947
14.564789772033691, -14.765042304992676, 12.857142448425293
-8.687475204467773, -14.309682846069336, 5.5
-4.706886291503906, -13.801826477050781, 18.83333396911621
-4.379390716552734, -14.256667137145996, 21.0
2.2230658531188965, -14.31953239440918, 106.375
3.443557024002075, -13.732696533203125, 150.93333435058594
3.6239583492279053, -13.750160217285156, 91.0
5.909785747528076, -13.686885833740234, 11.25
6.816445827484131, -13.623291015625, 78.375
7.5880913734436035, -13.991514205932617, 88.0
9.448049545288086, -14.25020694732666, 78.33333587646484
13.847033500671387, -13.940547943115234, 15.125
21.421875, -13.872010231018066, 14.333333015441895
21.62433433532715, -13.697751998901367, 8.0
23.084741592407227, -13.691732406616211, 22.5
-5.068963050842285, -13.366162300109863, 9.399999618530273
6.0401105880737305, -12.980351448059082, 151.7142791748047
6.86655855178833, -13.30120849609375, 193.57142639160156
7.686092376708984, -13.156820297241211, 156.16128540039062
8.463993072509766, -13.071239471435547, 135.47999572753906
9.567995071411133, -12.815580368041992, 126.51851654052734
9.941399574279785, -12.741061210632324, 22.66666603088379
14.089473724365234, -13.346115112304688, 20.3125
14.709585189819336, -13.158774375915527, 21.928571701049805
15.690276145935059, -12.96261978149414, 14.833333015441895
16.536108016967773, -12.800655364990234, 15.5
17.490156173706055, -12.674874305725098, 20.636363983154297
18.56226348876953, -12.633670806884766, 19.33333396911621
23.09744644165039, -13.23412799835205, 36.0
23.42765998840332, -12.693117141723633, 33.0
-7.460666656494141, -11.76931381225586, 8.333333015441895
-3.8497586250305176, -11.890329360961914, 29.85714340209961
8.576510429382324, -12.391779899597168, 48.93333435058594
17.849714279174805, -12.373371124267578, 16.25
18.33953285217285, -12.184680938720703, 17.75
19.367897033691406, -12.5255765914917, 22.0
20.23954963684082, -12.309900283813477, 26.399999618530273
21.33026695251465, -12.126460075378418, 18.200000762939453
21.758407592773438, -11.909634590148926, 19.200000762939453
23.35812759399414, -12.405710220336914, 25.5
23.841466903686523, -12.326969146728516, 18.33333396911621
-7.566193580627441, -11.463757514953613, 6.0
-4.524332523345947, -11.306325912475586, 6.0
-4.290511131286621, -11.536845207214355, 14.857142448425293
12.831182479858398, -11.313712120056152, 122.5
-6.098233222961426, -10.058195114135742, 8.399999618530273
2.2482402324676514, -10.661194801330566, 328.1555480957031
2.9514904022216797, -10.066347122192383, 348.625
3.86700439453125, -10.147831916809082, 168.88235473632812
11.36929702758789, -10.532144546508789, 137.75
-6.3317694664001465, -9.728084564208984, 5.0
-6.261804580688477, -9.817097663879395, 8.5
12.69012451171875, -9.607535362243652, 68.25
14.273056030273438, -9.6348876953125, 127.25
-5.2510199546813965, -8.600875854492188, 6.333333492279053
13.469322204589844, -8.531036376953125, 152.6666717529297
8.173870086669922, -3.745789051055908, 67.5
8.401851654052734, -3.153932571411133, 95.66666412353516
6.985608100891113, -2.405846357345581, 83.53333282470703
8.628908157348633, -2.4241535663604736, 85.19999694824219
4.873007774353027, -1.3195507526397705, 119.86666870117188
5.6653923988342285, -1.2724542617797852, 195.87142944335938
7.330657005310059, -1.1827565431594849, 79.76923370361328
7.371451377868652, -0.4337119162082672, 101.30000305175781
7.327096462249756, 0.46884840726852417, 94.4000015258789
15.406426429748535, 0.541817307472229, 69.5
-0.26870331168174744, 1.5823689699172974, 9.071428298950195
18.774093627929688, 1.0283313989639282, 9.0
4.2776641845703125, 2.294243335723877, 92.69047546386719
5.037634372711182, 2.3018810749053955, 203.13235473632812
18.742103576660156, 2.243548631668091, 27.727272033691406
8.270455360412598, 2.9152843952178955, 245.0833282470703
49.64112091064453, 2.8900604248046875, 8.5
21.952720642089844, 4.728676795959473, 16.5
48.59807205200195, 6.290126800537109, 16.0
17.61856460571289, 6.3969621658325195, 64.0
23.11673355102539, 6.861889839172363, 13.5
48.35287857055664, 6.862696170806885, 17.0
37.031558990478516, 8.304677963256836, 19.5
45.17583084106445, 8.9794921875, 8.0
23.331024169921875, 9.169062614440918, 34.0
37.51087951660156, 9.746674537658691, 8.0
44.921363830566406, 9.503385543823242, 13.0
45.41265869140625, 9.30970573425293, 12.5
44.318756103515625, 10.374832153320312, 9.5
19.320039749145508, 11.584196090698242, 44.5
43.60266876220703, 11.334447860717773, 11.0
42.98204040527344, 12.314983367919922, 8.5
43.34269332885742, 11.702201843261719, 16.0
42.19630432128906, 13.354549407958984, 7.0
42.61405563354492, 12.920313835144043, 7.0
17.78129768371582, 14.11999225616455, 24.66666603088379
22.54646873474121, 14.079710960388184, 18.0
41.95587158203125, 13.99644947052002, 8.75
41.112632751464844, 15.275415420532227, 8.0
41.426177978515625, 14.809235572814941, 8.0
15.678643226623535, 15.87727165222168, 47.5
40.245731353759766, 16.081315994262695, 8.5
40.796913146972656, 15.586673736572266, 9.5
20.82362937927246, 16.66105079650879, 12.0
39.995174407958984, 16.65607452392578, 7.666666507720947
11.962007522583008, 17.672712326049805, 54.5
39.67393112182617, 17.434101104736328, 8.0
-10.828425407409668, 18.851228713989258, 12.0
-7.139469623565674, 18.483306884765625, 6.0
1.3414716720581055, 18.619678497314453, 60.08333206176758
17.87891387939453, 18.555578231811523, 24.5
9.138984680175781, 20.456356048583984, 26.75
37.62614440917969, 21.30767822265625, 7.333333492279053
38.13534927368164, 20.975269317626953, 11.5
-7.642938613891602, 22.237548828125, 14.5
36.29241180419922, 22.20236587524414, 11.0
37.10206604003906, 21.769329071044922, 10.0
35.934715270996094, 22.895950317382812, 13.0
6.736259460449219, 24.06989288330078, 22.5
34.85004425048828, 24.218284606933594, 11.0
35.67240524291992, 23.587486267089844, 9.5
36.24876403808594, 23.560264587402344, 6.0
34.64189147949219, 24.54229736328125, 9.25
33.80356979370117, 25.696460723876953, 6.0
-8.34658145904541, 26.55784034729004, 19.66666603088379
9.500425338745117, 26.527751922607422, 23.5
33.79791259765625, 26.201335906982422, 7.5
34.445068359375, 26.35983657836914, 9.5
4.959314823150635, 27.551774978637695, 73.0
32.76842498779297, 27.303930282592773, 8.5
32.41421127319336, 27.93638801574707, 12.0
8.240373611450195, 29.03400230407715, 10.0
31.314786911010742, 29.62289810180664, 9.5
32.55898666381836, 29.008018493652344, 9.666666984558105
30.46880340576172, 30.206323623657227, 6.666666507720947
-9.517915725708008, 30.744155883789062, 20.0
4.036344528198242, 31.114667892456055, 7.0
30.6356143951416, 30.987194061279297, 10.0
7.7143168449401855, 31.579435348510742, 16.5
29.595529556274414, 31.975088119506836, 17.66666603088379
29.94031524658203, 31.622802734375, 11.5
28.2724552154541, 33.755516052246094, 13.600000381469727
28.818740844726562, 33.796844482421875, 7.0
-10.162237167358398, 34.310401916503906, 11.0
3.89766263961792, 35.05341339111328, 12.0
27.459274291992188, 34.7308464050293, 11.5
27.92942237854004, 36.21224594116211, 7.0
25.520475387573242, 37.34328079223633, 11.0
24.82756233215332, 38.2292366027832, 8.333333015441895
24.802982330322266, 39.39668273925781, 7.0
1.494064211845398, 40.09083938598633, 22.0
23.982824325561523, 39.79731369018555, 9.666666984558105
23.107263565063477, 41.94265365600586, 13.333333015441895
23.68242073059082, 41.76313400268555, 9.0
22.460628509521484, 42.6035041809082, 12.0
22.689062118530273, 42.404048919677734, 12.0
-0.2494749277830124, 43.76293182373047, 6.0
21.76952362060547, 44.9024658203125, 17.0
22.583892822265625, 44.81807327270508, 6.0
20.68349266052246, 45.845802307128906, 7.0
21.258285522460938, 45.255043029785156, 8.5
23.28205680847168, 45.5065803527832, 7.0
20.349355697631836, 46.62314987182617, 11.0
19.522945404052734, 47.48621368408203, 9.0
19.993438720703125, 46.983184814453125, 12.5
19.157201766967773, 47.843692779541016, 5.0
17.965694427490234, 49.18937683105469, 13.0
18.416683197021484, 49.01884460449219, 12.5
-3.038602352142334, 49.81501007080078, 9.0
-11.749496459960938, -43.432655334472656, 7.0
-11.311098098754883, -43.392120361328125, 8.0
-10.013275146484375, -43.27549362182617, 9.0
-9.458606719970703, -43.289215087890625, 8.0
-8.906325340270996, -43.30445861816406, 6.0
-7.64128303527832, -43.15993118286133, 8.5
-6.678589344024658, -43.09318161010742, 9.333333015441895
-5.862494945526123, -43.048954010009766, 10.666666984558105
-4.912138938903809, -42.94908905029297, 11.25
-3.976031541824341, -42.90982437133789, 16.0
-3.1766483783721924, -42.85640335083008, 11.333333015441895
-2.251312255859375, -42.83271408081055, 14.25
-1.3287220001220703, -42.79801940917969, 13.0
-0.40830564498901367, -42.69664001464844, 13.0
0.6386216878890991, -42.61235809326172, 16.0
1.2908344268798828, -42.55540466308594, 12.333333015441895
2.07309889793396, -42.506324768066406, 11.0
3.116575241088867, -42.45530700683594, 15.0
4.073984622955322, -42.40568542480469, 14.0
4.945266246795654, -42.35593032836914, 17.33333396911621
5.7325263023376465, -42.32015609741211, 16.66666603088379
6.255926132202148, -42.27750015258789, 15.0
6.779491424560547, -42.230125427246094, 7.0
7.836654186248779, -42.173927307128906, 16.0
11.434602737426758, -41.876564025878906, 12.5
12.103096008300781, -41.790184020996094, 16.5
12.645538330078125, -41.7403564453125, 11.0
14.025532722473145, -41.64559555053711, 14.333333015441895
14.830206871032715, -41.49403762817383, 11.0
16.79792022705078, -41.31027603149414, 15.333333015441895
29.493732452392578, -40.31257629394531, 11.0
29.743507385253906, -40.134864807128906, 12.0
31.99245834350586, -40.25550842285156, 9.0
33.01052474975586, -40.00168228149414, 8.0
33.80433654785156, -39.954750061035156, 9.5
34.554534912109375, -39.839447021484375, 7.5
35.53920364379883, -39.72597885131836, 8.666666984558105
36.37947082519531, -39.675960540771484, 15.0
36.66440963745117, -39.497432708740234, 9.0
0.22214142978191376, -38.40121841430664, 30.0
1.6167833805084229, -37.929412841796875, 30.0
2.200438976287842, -37.935916900634766, 28.0
1.5590802431106567, -21.230731964111328, 13.0
1.9467642307281494, -21.16756820678711, 32.0
3.2961196899414062, -20.52806854248047, 41.5
6.357190132141113, -19.877994537353516, 21.5
4.208599090576172, -16.491260528564453, 179.0
7.39893913269043, -14.467133522033691, 14.0
13.704242706298828, -14.492359161376953, 471.5
3.3654778003692627, -13.795093536376953, 83.5
5.787689208984375, -13.617981910705566, 141.75
6.794917583465576, -13.584327697753906, 112.71428680419922
7.600193023681641, -13.807719230651855, 138.0
8.271117210388184, -13.601027488708496, 134.0
9.527042388916016, -14.258705139160156, 116.0
13.695809364318848, -13.933833122253418, 407.6666564941406
19.780481338500977, -13.58081340789795, 28.0
6.027544975280762, -13.209534645080566, 253.53846740722656
6.920274257659912, -13.423433303833008, 222.39999389648438
7.689920902252197, -13.382863998413086, 119.69999694824219
8.624313354492188, -13.2019681930542, 125.0625
9.442111015319824, -12.802515029907227, 135.3333282470703
9.901659965515137, -12.680418968200684, 43.0
14.075201988220215, -13.326008796691895, 13.0
14.857340812683105, -13.144561767578125, 13.399999618530273
15.67145824432373, -12.964212417602539, 9.0
16.513395309448242, -12.7843017578125, 14.0
17.532245635986328, -12.679342269897461, 23.0
19.85311508178711, -13.101358413696289, 35.400001525878906
18.059125900268555, -12.562588691711426, 9.0
20.098466873168945, -12.222695350646973, 44.14285659790039
21.30454444885254, -12.077720642089844, 24.33333396911621
21.749759674072266, -11.893482208251953, 25.0
23.063486099243164, -12.246509552001953, 15.0
2.3549346923828125, -10.809545516967773, 2544.5
2.303152322769165, -10.654413223266602, 755.4615478515625
3.7986793518066406, -9.938525199890137, 161.25
12.694125175476074, -9.742843627929688, 46.0
4.920153617858887, -1.31381356716156, 72.25
5.08907413482666, 2.348972797393799, 80.0
37.45053482055664, 9.856295585632324, 13.0
41.868160247802734, 13.246879577636719, 7.0
41.49000930786133, 15.115917205810547, 7.0
1.325978398323059, 18.670791625976562, 119.0
37.088626861572266, 21.29399299621582, 5.0
38.4399299621582, 21.13869285583496, 17.0
36.382469177246094, 23.650346755981445, 8.0
34.657222747802734, 26.685869216918945, 9.0
31.15032386779785, 29.273670196533203, 7.0
31.746023178100586, 29.108163833618164, 10.0
31.379426956176758, 31.356233596801758, 7.0
31.065635681152344, 31.81406593322754, 6.0
29.720333099365234, 33.173736572265625, 5.0
28.3618106842041, 34.53287124633789, 7.0
29.396202087402344, 34.47827911376953, 7.0
26.780494689941406, 35.62456512451172, 8.5
25.35625648498535, 37.41889953613281, 8.0
27.825191497802734, 37.0120849609375, 8.0
25.299623489379883, 37.833126068115234, 6.0
26.45431137084961, 38.025943756103516, 6.0
24.752765655517578, 39.59191131591797, 6.0
22.983417510986328, 42.02709197998047, 5.5
24.27886962890625, 42.21505355834961, 8.0
22.313922882080078, 44.97345733642578, 8.0
21.17520523071289, 45.445194244384766, 7.5
20.254663467407227, 47.20158386230469, 6.0
18.8060245513916, 47.8230094909668, 8.0
