Timestamp fo ptCloud: 1712591255.114513
x:                         y:
32.11125564575195, 8.834092140197754, 8.0
31.7529354095459, 9.473592758178711, 9.75
31.32857894897461, 10.404561042785645, 12.0
31.502906799316406, 9.928399085998535, 13.0
31.007957458496094, 11.257978439331055, 19.0
30.439186096191406, 12.447620391845703, 22.5
30.720523834228516, 11.907127380371094, 28.0
30.096019744873047, 13.069005012512207, 23.600000381469727
29.628734588623047, 14.07343864440918, 25.5
29.778820037841797, 13.69912338256836, 31.0
29.335922241210938, 14.941149711608887, 28.0
29.011667251586914, 15.684850692749023, 30.399999618530273
28.490549087524414, 16.599285125732422, 29.0
27.895374298095703, 17.852293014526367, 40.0
28.038217544555664, 17.70199203491211, 22.0
27.70345687866211, 18.457584381103516, 21.0
26.921730041503906, 19.657217025756836, 16.0
27.258705139160156, 19.269174575805664, 19.0
-1.548944354057312, -27.23651885986328, 22.0
47.10147476196289, -24.52899742126465, 8.0
46.23899841308594, -21.95630645751953, 17.0
-3.1788954734802246, -19.970436096191406, 18.0
-2.3091835975646973, -20.55654525756836, 22.0
45.80963134765625, -20.39052391052246, 6.0
-3.847684144973755, -19.205795288085938, 23.0
-3.5738184452056885, -19.715919494628906, 22.0
-4.831551551818848, -18.462200164794922, 21.0
45.14897537231445, -17.19344711303711, 15.0
-9.098976135253906, -16.243738174438477, 10.0
4.363093376159668, -16.455631256103516, 26.5
4.724149227142334, -16.37984848022461, 31.799999237060547
8.045417785644531, -16.700984954833984, 19.0
8.311999320983887, -16.701534271240234, 28.33333396911621
9.342792510986328, -16.425661087036133, 38.0
10.082551956176758, -16.36328125, 38.71428680419922
-9.397921562194824, -15.451294898986816, 20.0
-8.949322700500488, -15.308682441711426, 28.0
5.380314826965332, -16.06035041809082, 24.0
5.603568077087402, -15.941146850585938, 36.900001525878906
6.886343479156494, -15.371973037719727, 26.0
7.690063953399658, -15.594228744506836, 20.5
8.392206192016602, -15.669721603393555, 33.5
10.260725975036621, -15.869132995605469, 51.85714340209961
42.678955078125, -15.315385818481445, 6.0
-3.828554391860962, -15.010091781616211, 55.125
-3.5858325958251953, -14.990434646606445, 98.5
0.7935216426849365, -14.915738105773926, 25.625
1.3580186367034912, -14.882264137268066, 68.62963104248047
2.2845988273620605, -14.84949779510498, 56.5
3.1409852504730225, -14.779298782348633, 41.79999923706055
4.130641937255859, -14.721170425415039, 43.91999816894531
4.795793056488037, -14.719050407409668, 41.157894134521484
6.071862697601318, -15.226280212402344, 24.799999237060547
6.45091438293457, -15.2733154296875, 19.0
8.70063591003418, -14.861178398132324, 48.181819915771484
9.030584335327148, -14.931509971618652, 29.5
-4.779242515563965, -14.076925277709961, 407.125
-3.1318013668060303, -13.676104545593262, 187.09091186523438
42.16839599609375, -13.830931663513184, 14.5
-5.13929557800293, -13.38017463684082, 110.0
-4.046620845794678, -13.246763229370117, 66.1500015258789
0.9818016886711121, -12.609986305236816, 92.0
41.90540313720703, -13.035994529724121, 16.0
-1.1612075567245483, -11.900765419006348, 135.93333435058594
41.378013610839844, -11.903923034667969, 15.5
41.50235366821289, -12.354201316833496, 21.0
0.27692940831184387, -10.961613655090332, 107.40540313720703
40.30727005004883, -9.288886070251465, 13.0
40.77833938598633, -9.6547269821167, 7.666666507720947
17.83942985534668, -8.280089378356934, 17.5
18.25289535522461, -8.133496284484863, 26.0
40.90269470214844, -8.606313705444336, 11.0
18.370454788208008, -7.916989326477051, 9.0
19.03199577331543, -7.517993450164795, 16.0
39.73408889770508, -7.625457763671875, 11.0
39.953495025634766, -6.756689548492432, 6.0
40.16359329223633, -5.530415058135986, 10.0
20.97785758972168, -4.480441570281982, 16.0
40.04773712158203, -4.250649452209473, 7.0
8.194137573242188, -0.4811549782752991, 145.92857360839844
35.030696868896484, 2.517256259918213, 24.0
13.212882041931152, 3.3226726055145264, 56.33333206176758
34.79338073730469, 3.215982437133789, 27.0
35.3359260559082, 3.000584840774536, 14.0
7.908707618713379, 3.888476610183716, 173.1999969482422
24.12934684753418, 3.9971067905426025, 20.0
28.071449279785156, 3.85847544670105, 28.33333396911621
17.311798095703125, 5.001988887786865, 19.5
23.952865600585938, 4.880650997161865, 16.0
33.88010787963867, 5.185922622680664, 18.66666603088379
10.131159782409668, 6.249827861785889, 129.42857360839844
14.046280860900879, 5.635538101196289, 67.0
16.9623966217041, 5.779802322387695, 21.33333396911621
17.145658493041992, 5.413263320922852, 20.0
33.22829055786133, 6.059937953948975, 8.0
10.115254402160645, 6.315218925476074, 112.0
17.407957077026367, 6.6966705322265625, 22.0
33.156471252441406, 6.789402961730957, 12.600000381469727
33.42667007446289, 6.658589839935303, 11.875
16.8212890625, 7.4394330978393555, 16.0
33.43605041503906, 7.3292365074157715, 11.0
16.865686416625977, 8.7352876663208, 20.0
17.111970901489258, 8.596169471740723, 17.0
32.3790283203125, 8.744686126708984, 12.5
32.75000762939453, 8.439845085144043, 9.666666984558105
33.79266357421875, 8.409756660461426, 6.5
16.07398796081543, 9.09070873260498, 17.0
16.754924774169922, 9.137834548950195, 17.5
31.99066734313965, 9.441667556762695, 9.899999618530273
32.779930114746094, 9.446053504943848, 13.0
15.989310264587402, 10.490964889526367, 17.5
16.22190284729004, 10.256941795349121, 22.0
31.701648712158203, 10.335732460021973, 11.0
9.392394065856934, 11.500680923461914, 115.0
15.283801078796387, 10.891441345214844, 18.0
31.357051849365234, 11.38811206817627, 12.285714149475098
31.616518020629883, 11.266888618469238, 12.0
14.724713325500488, 11.772300720214844, 16.0
31.016822814941406, 12.164212226867676, 10.833333015441895
31.95762062072754, 12.143089294433594, 17.799999237060547
30.157928466796875, 13.027432441711426, 8.333333015441895
31.002098083496094, 14.735849380493164, 14.625
4.351400852203369, 15.9319486618042, 56.5
10.254134178161621, 15.760028839111328, 66.5
18.44293975830078, 16.477439880371094, 16.5
29.593097686767578, 17.816932678222656, 8.5
-5.927582740783691, 18.806726455688477, 41.0
7.194160461425781, 18.284202575683594, 70.0
7.208014965057373, 18.37139892578125, 29.0
27.708541870117188, 18.714744567871094, 10.0
2.055939197540283, 19.243459701538086, 63.66666793823242
20.515920639038086, 19.043609619140625, 17.0
27.361083984375, 21.22906494140625, 10.5
28.146883010864258, 20.82635498046875, 20.66666603088379
26.071584701538086, 22.46424102783203, 16.0
0.28581416606903076, 23.13749122619629, 52.0
25.95549774169922, 22.628860473632812, 14.0
26.60553550720215, 23.706817626953125, 11.600000381469727
27.083229064941406, 23.72861099243164, 11.0
3.419483184814453, 25.131389617919922, 21.5
24.83549690246582, 24.858463287353516, 11.142857551574707
-0.8257862329483032, 26.933900833129883, 32.0
24.190269470214844, 26.771373748779297, 27.5
24.646833419799805, 26.509998321533203, 11.0
25.65843963623047, 26.54224967956543, 12.0
2.563145875930786, 27.748109817504883, 25.0
23.906517028808594, 27.457294464111328, 20.75
23.095212936401367, 28.58501434326172, 28.5
23.928314208984375, 28.303415298461914, 11.800000190734863
24.553274154663086, 28.18623924255371, 8.333333015441895
22.92182731628418, 29.343692779541016, 15.428571701049805
23.795225143432617, 29.25252914428711, 8.75
24.540164947509766, 29.45077896118164, 12.5
22.279905319213867, 30.288475036621094, 13.166666984558105
23.412317276000977, 29.96656036376953, 14.0
22.00331687927246, 31.049409866333008, 8.0
21.881868362426758, 31.728721618652344, 9.777777671813965
22.289817810058594, 33.27296447753906, 7.0
20.594972610473633, 34.056922912597656, 11.5
21.19786834716797, 33.8791389465332, 9.5
21.981599807739258, 33.44655990600586, 19.66666603088379
-0.6000238656997681, 34.46171188354492, 31.0
20.646989822387695, 34.332969665527344, 6.0
20.714189529418945, 34.95020294189453, 5.0
20.132478713989258, 35.76734924316406, 8.399999618530273
22.105363845825195, 35.26859664916992, 16.0
-1.3110426664352417, 36.6691780090332, 28.0
19.722620010375977, 36.2563362121582, 11.0
19.345605850219727, 37.358272552490234, 11.142857551574707
19.95699691772461, 37.25632095336914, 11.5
18.79387855529785, 38.23139572143555, 11.0
20.339731216430664, 37.912132263183594, 8.0
19.252002716064453, 41.22318649291992, 17.0
17.63144874572754, 41.69140625, 12.0
18.528995513916016, 42.005210876464844, 7.0
17.714338302612305, 42.84794998168945, 9.333333015441895
17.243440628051758, 43.45961380004883, 11.0
18.011150360107422, 44.0485954284668, 16.0
16.913522720336914, 44.4867057800293, 7.0
17.101442337036133, 44.163761138916016, 10.0
45.38895797729492, -47.24603271484375, 7.0
31.497089385986328, -46.06853485107422, 7.0
32.257957458496094, -45.9608154296875, 6.0
33.157127380371094, -46.030338287353516, 9.0
38.051727294921875, -46.52058029174805, 9.0
-5.045527458190918, -42.60162353515625, 9.0
-3.995424509048462, -42.67121887207031, 9.333333015441895
-3.210697889328003, -42.74956130981445, 9.0
-2.249467134475708, -42.822906494140625, 8.666666984558105
-1.3737024068832397, -42.859710693359375, 12.0
-0.4992823600769043, -43.04081726074219, 8.0
0.20448623597621918, -43.0462532043457, 7.0
-1.5456972122192383, -27.213775634765625, 29.0
-9.165731430053711, -16.249221801757812, 7.0
-9.532538414001465, -15.935730934143066, 19.0
5.708394527435303, -15.947898864746094, 109.66666412353516
6.645923614501953, -15.70539379119873, 49.5
8.479517936706543, -15.486804008483887, 23.66666603088379
10.225300788879395, -15.794722557067871, 40.71428680419922
-3.785484790802002, -15.107111930847168, 105.0
0.7404686212539673, -14.904545783996582, 63.625
1.3702377080917358, -14.866767883300781, 151.26315307617188
2.239412546157837, -14.814274787902832, 135.05262756347656
3.153668165206909, -14.803306579589844, 68.0
4.0768513679504395, -14.83470344543457, 49.61111068725586
4.880958557128906, -14.866694450378418, 44.0
5.901909828186035, -15.02439022064209, 68.76923370361328
6.832956790924072, -14.946382522583008, 77.80000305175781
7.608412265777588, -14.841466903686523, 104.85713958740234
8.617249488830566, -14.861190795898438, 51.21428680419922
9.207402229309082, -15.005885124206543, 46.0
-4.8350605964660645, -13.827143669128418, 35.20000076293945
-4.362558841705322, -14.019244194030762, 42.66666793823242
-3.1379501819610596, -13.681588172912598, 200.125
-5.145468235015869, -13.399271011352539, 226.0
-3.97186279296875, -13.317472457885742, 120.33333587646484
0.2500341534614563, -11.099934577941895, 154.1666717529297
40.329803466796875, -9.262444496154785, 7.5
40.673954010009766, -9.736620903015137, 6.0
40.112083435058594, -8.567039489746094, 6.0
39.96628952026367, -7.769496917724609, 5.0
40.06303787231445, -6.519706726074219, 7.0
40.31614303588867, -5.800756454467773, 6.666666507720947
40.612648010253906, -5.335874557495117, 10.0
28.075496673583984, 3.853377103805542, 29.0
33.7750129699707, 5.376218318939209, 8.0
33.67919158935547, 5.573173522949219, 8.0
33.09046173095703, 6.419727325439453, 7.5
33.34087371826172, 7.321879863739014, 10.0
32.35483932495117, 8.684008598327637, 10.0
32.889808654785156, 8.289313316345215, 10.0
33.558467864990234, 8.128972053527832, 8.0
31.87784194946289, 9.294900894165039, 9.0
32.187591552734375, 11.682281494140625, 6.0
32.04084014892578, 12.188726425170898, 13.0
30.720399856567383, 12.66889476776123, 7.0
29.507293701171875, 13.68042278289795, 9.0
29.781797409057617, 13.586066246032715, 7.0
30.900676727294922, 14.789176940917969, 44.0
29.630578994750977, 17.947425842285156, 16.0
29.72726821899414, 17.757469177246094, 9.0
-5.954397201538086, 18.819164276123047, 48.0
28.193374633789062, 20.846193313598633, 20.0
27.08216667175293, 23.73082733154297, 9.0
25.78616714477539, 26.5137996673584, 11.75
22.39148712158203, 29.53367805480957, 9.5
23.137542724609375, 29.1927547454834, 9.0
23.450292587280273, 29.216859817504883, 6.0
24.56971549987793, 29.481473922729492, 18.0
21.860437393188477, 31.353836059570312, 7.5
23.420560836791992, 32.305545806884766, 16.0
20.462717056274414, 35.4936637878418, 6.0
22.1123104095459, 35.2845344543457, 19.0
21.13446044921875, 37.717506408691406, 7.0
19.119003295898438, 38.430419921875, 5.0
20.528976440429688, 37.9921989440918, 12.0
20.880891799926758, 37.80727767944336, 7.0
19.267820358276367, 41.232540130615234, 17.0
15.484359741210938, 49.659690856933594, 8.0
